242.054047 0.000000
0.000000 0.000000
0.000000 0.000000
0.000000 0.000000
0.000000 0.000000
0.000000 0.000000
0.000000 0.000000
0.000000 0.000000
0.000000 0.000000
0.000000 0.000000
0.000000 0.000000
0.000000 0.000000
0.000000 0.000000
0.000000 0.000000
0.000000 0.000000
0.000000 0.000000
0.000000 0.000000
0.000000 0.000000
0.000000 0.000000
0.000000 0.000000
0.000000 0.000000
0.000000 0.000000
0.000000 0.000000
0.000000 0.000000
0.000000 0.000000
0.000000 0.000000
0.000000 0.000000
0.000000 0.000000
177.837753 0.000000
166.977814 0.000000
0.000000 0.000000
0.000000 0.000000
0.000000 0.000000
0.000000 0.000000
0.000000 0.000000
0.000000 0.000000
261.615662 0.000000
294.744415 0.000000
265.012115 0.000000
268.779236 0.000000
258.223511 0.000000
261.707245 0.000000
259.916321 0.000000
258.347168 0.000000
259.228088 0.000000
261.030823 0.000000
262.125580 0.000000
263.518677 0.000000
264.231720 0.000000
265.002625 0.000000
266.912811 0.000000
268.284729 0.000000
268.688904 0.000000
274.186829 0.000000
288.007294 0.000000
299.335205 0.000000
304.856628 0.000000
303.929169 0.000000
300.870636 0.000000
298.346863 0.000000
296.897186 0.000000
296.180908 0.000000
297.012451 0.000000
297.563293 0.000000
297.814880 0.000000
296.311523 0.000000
294.385803 0.000000
295.169037 0.000000
303.095673 0.000000
315.503632 0.000000
323.958374 0.000000
327.514709 0.000000
329.937408 0.000000
332.080750 0.000000
335.011505 0.000000
336.860291 0.000000
335.843201 0.000000
332.634521 0.000000
331.843384 0.000000
333.900269 0.000000
336.318298 0.000000
339.611877 0.000000
350.342163 0.000000
363.430603 0.000000
368.444641 0.000000
368.768372 0.000000
364.967804 0.000000
362.873871 0.000000
362.289429 0.000000
361.333862 0.000000
360.277618 0.000000
359.799255 0.000000
358.880920 0.000000
358.000275 0.000000
357.882538 0.000000
359.864899 0.000000
362.086609 0.000000
366.361816 0.000000
383.288330 0.000000
400.756348 0.000000
405.607544 0.000000
402.008118 0.000000
396.930908 0.000000
396.101318 0.000000
396.097076 0.000000
397.850159 0.000000
397.223877 0.000000
395.082031 0.000000
395.065369 0.000000
399.305573 0.000000
406.541809 0.000000
415.775024 0.000000
428.546356 0.000000
440.366028 0.000000
440.740234 0.000000
439.299194 0.000000
440.281952 0.000000
442.599396 0.000000
444.776001 0.000000
445.860168 0.000000
444.438873 0.000000
445.085144 0.000000
447.359344 0.000000
451.066376 0.000000
460.281738 0.000000
476.636353 0.000000
492.040405 0.000000
495.478851 0.000000
493.472961 0.000000
492.738007 0.000000
489.573029 0.000000
489.832092 0.000000
490.739197 0.000000
492.416107 0.000000
496.671844 0.000000
497.912903 0.000000
495.511780 0.000000
494.769623 0.000000
495.144409 0.000000
496.473602 0.000000
509.003632 0.000000
521.045532 0.000000
524.473267 0.000000
523.646179 0.000000
518.230408 0.000000
517.436279 0.000000
523.315491 0.000000
527.130310 0.000000
527.731567 0.000000
527.312134 0.000000
525.789246 0.000000
521.024963 0.000000
519.613342 0.000000
516.342896 0.000000
261.847290 0.000000
527.314697 0.000000
514.761414 0.000000
252.778671 0.000000
292.696075 0.000000
530.442139 0.000000
0.000000 0.000000
525.754883 0.000000
529.281250 0.000000
0.000000 0.000000
2031.174683 0.295648
2069.101074 0.291145
514.642883 -1.517183
529.099060 -1.427908
534.029358 -1.318735
528.879517 -1.359078
525.125183 -1.385774
525.860840 -1.387681
526.066345 -1.370713
525.725586 -1.365993
525.467957 -1.373246
526.189697 -1.358307
520.398926 -1.412946
501.578522 -1.489397
487.986298 -1.532593
487.074738 -1.546315
487.257568 -1.562544
490.281372 -1.559515
488.756439 -1.562664
488.617126 -1.561936
490.627136 -1.553683
491.829437 -1.528831
490.542175 -1.516302
488.292755 -1.530035
478.956665 -1.563807
453.546234 -1.602706
436.632751 -1.606790
440.585968 -1.599424
444.518860 -1.594503
444.339233 -1.594058
442.165771 -1.600106
442.249268 -1.608962
440.237000 -1.613643
438.179688 -1.615388
439.649323 -1.623658
440.247528 -1.626313
440.111694 -1.625045
435.864380 -1.624032
419.989838 -1.626322
400.914948 -1.633615
391.639008 -1.634308
394.695343 -1.633390
397.216278 -1.636436
395.306763 -1.636633
393.327667 -1.638824
392.758942 -1.638224
393.314850 -1.634865
390.527344 -1.637249
386.787018 -1.634747
385.727753 -1.638654
386.868164 -1.638624
390.223053 -1.638889
393.577484 -1.645334
392.286377 -1.646428
376.005402 -1.660343
351.192596 -1.680817
346.908356 -1.684114
350.784332 -1.674453
353.672150 -1.669932
355.667450 -1.666154
355.543945 -1.667670
354.290588 -1.669183
352.186646 -1.670888
350.874512 -1.674968
350.942993 -1.673310
352.186859 -1.672622
351.494080 -1.678391
351.276001 -1.679277
348.873962 -1.680561
340.907166 -1.678875
330.937378 -1.690648
329.778625 -1.698197
332.773438 -1.696320
335.805298 -1.692906
334.454254 -1.691139
331.787506 -1.694455
329.063904 -1.697912
326.890167 -1.700588
324.964630 -1.701010
325.415192 -1.702372
327.094025 -1.699701
328.815186 -1.698336
325.818390 -1.700854
316.652863 -1.708251
303.442566 -1.716566
300.017517 -1.718261
301.243500 -1.718543
300.209045 -1.719394
300.466522 -1.719003
298.771423 -1.718258
295.086823 -1.720500
292.538422 -1.719547
292.498230 -1.719313
293.415955 -1.719881
295.162292 -1.719615
298.142548 -1.718153
299.268341 -1.717178
297.390533 -1.717989
285.172638 -1.718838
267.326599 -1.728543
262.286255 -1.731516
265.894531 -1.729653
269.286224 -1.725636
269.172668 -1.726302
267.123779 -1.725461
261.947357 -1.730269
256.084503 -1.731085
253.764236 -1.732496
251.793823 -1.733765
251.617737 -1.733350
253.940292 -1.734354
259.569092 -1.729383
266.087982 -1.727265
273.714386 -1.725581
276.740570 -1.726297
271.783875 -1.728898
257.663818 -1.735131
256.210480 -1.730350
266.095245 -1.733881
271.371674 -1.732754
266.935364 -1.733930
265.428101 -1.720013
279.812866 -1.560424
266.862030 -1.188960
302.612366 -0.487485
130.734848 -0.798034
281.406555 -0.756639
272.984589 -0.993610
0.000000 0.000000
0.000000 0.000000
311.115143 0.000000
162.952591 0.000000
0.000000 0.000000
0.000000 0.000000
0.000000 0.000000
0.000000 0.000000
0.000000 0.000000
0.000000 0.000000
0.000000 0.000000
0.000000 0.000000
0.000000 0.000000
0.000000 0.000000
0.000000 0.000000
0.000000 0.000000
0.000000 0.000000
0.000000 0.000000
0.000000 0.000000
0.000000 0.000000
0.000000 0.000000
0.000000 0.000000
0.000000 0.000000
0.000000 0.000000
0.000000 0.000000
0.000000 0.000000
0.000000 0.000000
0.000000 0.000000
0.000000 0.000000
0.000000 0.000000
0.000000 0.000000
0.000000 0.000000
0.000000 0.000000
0.000000 0.000000
0.000000 0.000000
0.000000 0.000000
0.000000 0.000000
0.000000 0.000000
0.000000 0.000000
0.000000 0.000000
0.000000 0.000000
0.000000 0.000000
0.000000 0.000000
0.000000 0.000000
0.000000 0.000000
0.000000 0.000000
0.000000 0.000000
0.000000 0.000000
0.000000 0.000000
0.000000 0.000000
0.000000 0.000000
0.000000 0.000000
0.000000 0.000000
0.000000 0.000000
0.000000 0.000000
0.000000 0.000000
0.000000 0.000000
0.000000 0.000000
0.000000 0.000000
0.000000 0.000000
0.000000 0.000000
0.000000 0.000000
0.000000 0.000000
0.000000 0.000000
0.000000 0.000000
0.000000 0.000000
0.000000 0.000000
0.000000 0.000000
0.000000 0.000000
0.000000 0.000000
0.000000 0.000000
0.000000 0.000000
0.000000 0.000000
0.000000 0.000000
0.000000 0.000000
0.000000 0.000000
0.000000 0.000000
0.000000 0.000000
0.000000 0.000000
0.000000 0.000000
0.000000 0.000000
0.000000 0.000000
0.000000 0.000000
0.000000 0.000000
0.000000 0.000000
0.000000 0.000000
0.000000 0.000000
0.000000 0.000000
0.000000 0.000000
0.000000 0.000000
0.000000 0.000000
0.000000 0.000000
0.000000 0.000000
0.000000 0.000000
0.000000 0.000000
0.000000 0.000000
0.000000 0.000000
0.000000 0.000000
0.000000 0.000000
0.000000 0.000000
0.000000 0.000000
0.000000 0.000000
0.000000 0.000000
0.000000 0.000000
0.000000 0.000000
0.000000 0.000000
0.000000 0.000000
0.000000 0.000000
0.000000 0.000000
0.000000 0.000000
0.000000 0.000000
0.000000 0.000000
0.000000 0.000000
0.000000 0.000000
0.000000 0.000000
0.000000 0.000000
0.000000 0.000000
0.000000 0.000000
0.000000 0.000000
0.000000 0.000000
0.000000 0.000000
0.000000 0.000000
0.000000 0.000000
0.000000 0.000000
0.000000 0.000000
0.000000 0.000000
0.000000 0.000000
0.000000 0.000000
0.000000 0.000000
0.000000 0.000000
0.000000 0.000000
0.000000 0.000000
0.000000 0.000000
0.000000 0.000000
0.000000 0.000000
0.000000 0.000000
0.000000 0.000000
0.000000 0.000000
0.000000 0.000000
0.000000 0.000000
0.000000 0.000000
0.000000 0.000000
0.000000 0.000000
0.000000 0.000000
0.000000 0.000000
0.000000 0.000000
0.000000 0.000000
0.000000 0.000000
0.000000 0.000000
0.000000 0.000000
0.000000 0.000000
0.000000 0.000000
0.000000 0.000000
0.000000 0.000000
0.000000 0.000000
0.000000 0.000000
0.000000 0.000000
0.000000 0.000000
0.000000 0.000000
0.000000 0.000000
0.000000 0.000000
0.000000 0.000000
0.000000 0.000000
0.000000 0.000000
0.000000 0.000000
0.000000 0.000000
0.000000 0.000000
0.000000 0.000000
0.000000 0.000000
0.000000 0.000000
0.000000 0.000000
0.000000 0.000000
0.000000 0.000000
0.000000 0.000000
0.000000 0.000000
0.000000 0.000000
0.000000 0.000000
0.000000 0.000000
0.000000 0.000000
0.000000 0.000000
0.000000 0.000000
0.000000 0.000000
0.000000 0.000000
0.000000 0.000000
0.000000 0.000000
0.000000 0.000000
0.000000 0.000000
0.000000 0.000000
0.000000 0.000000
0.000000 0.000000
0.000000 0.000000
0.000000 0.000000
0.000000 0.000000
0.000000 0.000000
0.000000 0.000000
0.000000 0.000000
0.000000 0.000000
0.000000 0.000000
0.000000 0.000000
0.000000 0.000000
0.000000 0.000000
0.000000 0.000000
0.000000 0.000000
0.000000 0.000000
0.000000 0.000000
0.000000 0.000000
0.000000 0.000000
0.000000 0.000000
0.000000 0.000000
0.000000 0.000000
0.000000 0.000000
0.000000 0.000000
0.000000 0.000000
0.000000 0.000000
0.000000 0.000000
0.000000 0.000000
0.000000 0.000000
0.000000 0.000000
0.000000 0.000000
0.000000 0.000000
0.000000 0.000000
0.000000 0.000000
0.000000 0.000000
0.000000 0.000000
0.000000 0.000000
0.000000 0.000000
0.000000 0.000000
0.000000 0.000000
0.000000 0.000000
0.000000 0.000000
0.000000 0.000000
0.000000 0.000000
0.000000 0.000000
0.000000 0.000000
0.000000 0.000000
0.000000 0.000000
0.000000 0.000000
0.000000 0.000000
0.000000 0.000000
0.000000 0.000000
0.000000 0.000000
0.000000 0.000000
0.000000 0.000000
0.000000 0.000000
0.000000 0.000000
0.000000 0.000000
0.000000 0.000000
0.000000 0.000000
0.000000 0.000000
0.000000 0.000000
0.000000 0.000000
0.000000 0.000000
0.000000 0.000000
0.000000 0.000000
0.000000 0.000000
0.000000 0.000000
0.000000 0.000000
0.000000 0.000000
0.000000 0.000000
0.000000 0.000000
0.000000 0.000000
0.000000 0.000000
0.000000 0.000000
0.000000 0.000000
0.000000 0.000000
0.000000 0.000000