0.000000 0.000000
0.000000 0.000000
0.000000 0.000000
0.000000 0.000000
0.000000 0.000000
0.000000 0.000000
0.000000 0.000000
0.000000 0.000000
0.000000 0.000000
0.000000 0.000000
0.000000 0.000000
0.000000 0.000000
0.000000 0.000000
0.000000 0.000000
0.000000 0.000000
0.000000 0.000000
0.000000 0.000000
0.000000 0.000000
0.000000 0.000000
0.000000 0.000000
0.000000 0.000000
0.000000 0.000000
0.000000 0.000000
0.000000 0.000000
0.000000 0.000000
0.000000 0.000000
0.000000 0.000000
0.000000 0.000000
0.000000 0.000000
0.000000 0.000000
0.000000 0.000000
0.000000 0.000000
0.000000 0.000000
0.000000 0.000000
0.000000 0.000000
0.000000 0.000000
0.000000 0.000000
0.000000 0.000000
0.000000 0.000000
0.000000 0.000000
4576.286133 0.366738
4283.259766 0.516176
259.247375 -1.069168
254.772781 -1.440380
255.968353 -1.479855
256.804138 -1.504140
259.155670 -1.509254
262.573395 -1.524769
265.784271 -1.525653
266.701202 -1.530840
264.939636 -1.524646
263.322937 -1.534654
261.899292 -1.531266
261.326935 -1.521962
261.147552 -1.517832
262.420593 -1.521442
263.275452 -1.529326
264.000244 -1.515802
265.135529 -1.519837
264.963715 -1.509518
264.019226 -1.526635
262.549255 -1.514083
261.965210 -1.509275
262.738831 -1.515151
262.818176 -1.487801
264.155884 -1.482465
266.316498 -0.863663
296.009888 -0.480322
452.364624 -0.386699
902.187805 -0.716910
296.060364 -1.087997
295.051178 -1.388391
294.889618 -1.360636
294.565674 -1.341420
298.097931 -1.405891
301.161682 -1.418006
301.848267 -1.319631
300.008820 -1.390538
300.519867 -1.333650
300.169006 -1.374444
299.476593 -1.393135
296.892517 -1.371286
295.136841 -1.321803
293.807953 -1.322678
292.716278 -1.331422
291.926117 -1.229975
292.508698 -1.234064
293.442627 -1.236136
295.617798 -1.193862
296.391083 -1.243076
296.941803 -1.142778
296.707062 -1.206140
298.255676 -1.319805
301.763153 -1.386984
299.359406 -1.521601
293.330780 -1.558231
299.761749 -1.472755
317.812408 -1.534657
332.598297 -1.563042
340.509613 -1.458194
336.245972 -1.458718
331.977142 -1.390598
331.406586 -1.333023
332.672577 -1.404724
335.072449 -1.361897
335.952271 -1.341568
335.331177 -1.363848
333.942261 -1.334607
331.712036 -1.264941
329.510681 -1.347320
329.218597 -1.380599
328.647095 -1.419401
327.665558 -1.373897
325.715729 -1.426909
323.010742 -1.327886
322.454956 -1.347861
323.059631 -1.343433
324.175934 -1.416972
324.274017 -1.462751
316.916901 -1.423604
333.550293 -0.194708
0.000000 0.000000
0.000000 0.000000
0.000000 0.000000
193.239166 0.000000
329.006287 0.000000
356.095520 0.000000
358.264801 0.000000
356.912567 0.000000
353.030457 0.000000
349.505280 0.000000
350.253845 0.000000
350.430664 0.000000
348.467438 0.000000
348.621094 0.000000
347.498810 0.000000
345.663940 0.000000
343.031189 0.000000
342.689453 0.000000
345.896423 0.000000
347.562347 0.000000
349.490509 0.000000
351.015961 0.000000
349.428833 0.000000
347.629425 0.000000
347.252106 0.000000
350.069031 0.000000
355.415283 0.000000
357.572571 0.000000
350.754974 0.000000
4829.870605 0.775325
5253.053223 0.792274
1774.402222 0.719511
5556.631836 0.735506
5637.970215 0.672639
5718.852051 0.692229
4937.479980 0.799400
4597.070312 0.858212
399.501190 -1.143106
404.830139 -1.492415
399.509979 -1.488895
390.998016 -1.483300
382.377167 -1.489112
381.590210 -1.504719
384.807617 -1.508866
390.154144 -1.510872
394.949585 -1.507558
396.109955 -1.505856
394.978882 -1.507909
393.494598 -1.506495
393.250153 -1.505060
393.762878 -1.499650
393.782837 -1.500231
393.791077 -1.501483
394.249237 -1.504686
393.971130 -1.504369
392.219269 -1.503538
391.790253 -1.503788
392.850952 -1.503023
396.653870 -1.493219
399.905884 -1.490705
397.359344 -1.475688
391.948456 -1.480826
386.268127 -1.511386
391.833466 -1.525315
414.572510 -1.536060
439.902130 -1.548818
462.562805 -1.508641
463.064240 -1.506052
463.012634 -1.479241
459.348877 -1.429603
456.614532 -1.458509
449.581848 -1.463299
441.342926 -1.466172
437.685822 -1.474944
435.065582 -1.471584
433.770599 -1.469165
431.933868 -1.469269
433.633972 -1.464089
436.077545 -1.465534
435.199493 -1.466923
433.697601 -1.467444
433.355011 -1.467256
434.520386 -1.470741
436.044739 -1.473028
435.439117 -1.478366
434.802795 -1.481471
436.081207 -1.482006
436.147980 -1.471134
437.358612 -1.459532
440.423767 -1.463383
441.034393 -1.507309
433.275055 -0.304459
336.589813 -0.766132
0.000000 0.000000
2608.312988 0.484375
5391.670410 0.636892
4922.769043 0.662151
428.883636 0.273581
566.783508 -0.452484
565.942993 -0.581158
2428.876953 0.533343
2602.581543 0.615048
547.895020 0.379104
521.442688 -1.324516
513.774536 -1.540405
514.714478 -1.538160
513.042725 -1.537705
509.348175 -1.548937
505.368958 -1.547769
500.796967 -1.556311
498.525330 -1.550963
496.929504 -1.555459
494.901520 -1.550736
495.206390 -1.554841
497.449646 -1.550306
496.758575 -1.557739
492.863556 -1.551378
490.309143 -1.548694
490.745270 -1.548942
492.280426 -1.546891
492.863586 -1.539209
493.287994 -1.539889
492.641205 -1.538044
493.864166 -1.541325
496.085541 -1.571673
498.403351 -1.593587
490.117859 -1.002730
3441.701904 0.381388
542.839905 -1.515543
547.611572 -1.567233
543.392395 -1.565797
538.474426 -1.563485
537.059448 -1.560278
535.120789 -1.557117
528.058716 -1.549340
523.343750 -1.544776
524.264526 -1.542223
523.024719 -1.547029
523.125000 -1.553392
525.120117 -1.550196
527.447144 -1.542462
527.090271 -1.536999
526.468201 -1.536088
523.217102 -1.538117
521.603027 -1.534976
520.502075 -1.531252
519.353577 -1.531957
521.436279 -1.532175
524.343872 -1.529866
523.423828 -1.528538
523.892151 -1.537511
527.563843 -1.560864
532.656799 -1.576228
549.188171 -1.545288
514.106445 -0.612863
525.291870 -1.478879
528.239319 -0.932928
466.052002 -0.673615
511.712402 -0.632452
527.444214 -0.403040
1636.079468 0.348036
1640.261475 0.277499
522.787415 0.226075
1622.799072 0.310226
528.177185 0.204484
1609.749023 0.290130
0.000000 0.000000
530.798889 0.000000
518.441467 0.000000
0.000000 0.481141
529.018555 0.158253
0.000000 0.000000
0.000000 0.535592
0.000000 0.325593
0.000000 -0.375759
1040.854370 -0.011973
404.510132 0.203697
524.522583 -1.499062
529.499756 -1.522938
532.197021 -1.507837
531.654907 -1.500403
524.914734 -1.499320
518.427979 -1.499855
514.687561 -1.500505
514.376404 -1.502896
514.117065 -1.503936
515.453552 -1.504568
516.706116 -1.503490
516.615967 -1.501927
515.897949 -1.501652
515.035522 -1.499250
518.069031 -1.497957
520.759338 -1.496251
521.580933 -1.497561
521.668213 -1.506727
523.017822 -1.515437
520.272766 -1.526111
258.043732 -1.117273
519.785400 -0.809181
638.128967 -0.237782
6867.828125 0.550760
5704.297852 0.538062
5179.082520 0.640016
731.605042 0.284826
504.070679 -0.970072
504.616882 -1.479407
502.377808 -1.465407
501.230743 -1.481924
498.554535 -1.482048
495.456360 -1.479550
493.326904 -1.475875
491.404785 -1.473061
489.610687 -1.478645
489.453186 -1.480419
491.068298 -1.479036
492.802246 -1.483419
492.912811 -1.484958
493.043671 -1.492459
494.360138 -1.483879
493.810303 -1.480711
493.413361 -1.469122
495.708282 -1.471726
495.185944 -1.473185
492.585999 -1.464761
491.245819 -1.472162
483.985016 -1.472577
481.825470 -1.475756
459.308868 -1.500951
436.954102 -1.510915
427.822174 -1.477163
426.867462 -1.484223
425.740997 -1.477969
425.717285 -1.476997
428.819489 -1.469617
431.928223 -1.463556
432.775146 -1.463403
433.122589 -1.465289
435.103546 -1.469573
435.961853 -1.470212
435.397644 -1.472155
434.621490 -1.474508
435.165100 -1.471852
435.583466 -1.467393
435.949066 -1.467913
436.052246 -1.465350
434.566772 -1.465940
434.509430 -1.464917
436.026886 -1.465335
437.498474 -1.468575
440.133759 -1.466598
441.635529 -1.489468
437.108795 0.422853
5500.259766 0.578004
5731.839844 0.495648
5684.604492 0.599919
5685.730957 0.691911
5416.331543 0.889367
4878.049805 0.816809
4351.268066 0.949902
389.217072 -1.479667
394.784027 -1.507530
394.850555 -1.514149
393.158325 -1.517389
392.789032 -1.515780
393.771118 -1.513142
394.469055 -1.509884
393.332306 -1.509149
392.353821 -1.506701
390.018066 -1.504929
388.400421 -1.502106
388.693939 -1.504889
388.283508 -1.507162
387.257721 -1.508068
388.998840 -1.513043
390.795227 -1.511628
389.630493 -1.513088
388.804901 -1.516868
388.399261 -1.518379
386.779938 -1.524244
385.408600 -1.526576
385.117157 -1.527947
385.455841 -1.527789
389.995758 -1.530889
382.530945 -1.466517
0.000000 0.000000
211.835373 0.000000
0.000000 0.000000
0.000000 0.000000
0.000000 0.000000
339.642334 0.000000
341.461304 0.000000
339.251709 0.000000
340.771606 0.000000
343.505707 0.000000
347.279694 0.000000
349.841309 0.000000
352.245117 0.000000
351.549408 0.000000
350.883026 0.000000
349.151062 0.000000
348.336456 0.000000
347.146942 0.000000
346.339752 0.000000
347.019836 0.000000
348.763458 0.000000
350.436157 0.000000
351.734558 0.000000
353.099060 0.000000
352.786743 0.000000
348.872894 0.000000
346.530396 0.000000
346.699951 0.000000
347.845001 0.000000
353.832764 0.000000
358.042328 0.000000
351.525726 0.000000
336.928650 0.000000
320.584076 0.000000
307.400055 0.000000
317.155670 0.000000
325.252594 0.000000
326.073486 0.000000
325.032043 0.000000
326.043274 0.000000
326.256287 0.000000
325.779480 0.000000
326.441925 0.000000
327.144714 0.000000
326.837524 0.000000
327.050140 0.000000
327.468292 0.000000
328.178619 0.000000
328.257507 0.000000
328.446533 0.000000
328.160858 0.000000
325.751343 0.000000
324.993378 0.000000
326.318634 0.000000
329.095032 0.000000
330.308655 0.000000
333.979523 0.000000
336.867157 0.000000
336.500854 0.000000
333.389709 0.000000
329.301788 0.000000
321.766113 0.000000
309.123993 0.000000
292.178009 0.000000
289.189911 0.000000
298.134735 0.000000
298.855957 0.000000
301.089539 0.000000
300.615265 0.000000
300.044128 0.000000
297.216736 0.000000
293.665314 0.000000
292.326447 0.000000
291.074371 0.000000
291.711121 0.000000
294.869904 0.000000
293.904785 0.000000
293.483643 0.000000
294.333954 0.000000
294.828278 0.000000
294.105042 0.000000
295.528351 0.000000
296.538239 0.000000
295.742035 0.000000
293.382721 0.000000
292.729584 0.000000
293.851227 0.000000
295.446228 0.000000
295.664093 0.000000
297.743164 0.000000
299.154785 0.000000
299.852661 0.000000
287.549072 0.000000
0.000000 0.000000
0.000000 0.000000
302.362793 0.000000
0.000000 0.000000
257.624634 0.000000
258.550201 0.000000
259.531921 0.000000
258.334442 0.000000
257.392975 0.000000
257.741852 0.000000
261.042145 0.000000
261.142609 0.000000
261.553009 0.000000
262.065430 0.000000
262.420166 0.000000
262.976837 0.000000
263.376709 0.000000
263.610504 0.000000
261.407898 0.000000
261.239838 0.000000
264.363495 0.000000
264.700043 0.000000
264.118805 0.000000
267.689026 0.000000
274.357422 0.000000
274.792114 0.000000
267.276733 0.000000
254.020325 0.000000
240.802917 0.000000
242.036804 0.000000
253.329315 0.000000
269.638245 0.000000
274.254059 0.000000
264.614441 0.000000
251.530243 0.000000
264.054413 0.000000
0.000000 0.000000
0.000000 0.000000
0.000000 0.000000
0.000000 0.000000
0.000000 0.000000
0.000000 0.000000
0.000000 0.000000
0.000000 0.000000
0.000000 0.000000
0.000000 0.000000
0.000000 0.000000
0.000000 0.000000
0.000000 0.000000
0.000000 0.000000
0.000000 0.000000
0.000000 0.000000
0.000000 0.000000
0.000000 0.000000
0.000000 0.000000
0.000000 0.000000
0.000000 0.000000
0.000000 0.000000
0.000000 0.000000
0.000000 0.000000
0.000000 0.000000
0.000000 0.000000
0.000000 0.000000
0.000000 0.000000
0.000000 0.000000
0.000000 0.000000
0.000000 0.000000
0.000000 0.000000
0.000000 0.000000
0.000000 0.000000
0.000000 0.000000
0.000000 0.000000
0.000000 0.000000
0.000000 0.000000
0.000000 0.000000
0.000000 0.000000
0.000000 0.000000
0.000000 0.000000
0.000000 0.000000