0.000000 0.000000
0.000000 0.000000
0.000000 0.000000
0.000000 0.000000
0.000000 0.000000
0.000000 0.000000
0.000000 0.000000
0.000000 0.000000
0.000000 0.000000
0.000000 0.000000
0.000000 0.000000
0.000000 0.000000
0.000000 0.000000
0.000000 0.000000
0.000000 0.000000
0.000000 0.000000
0.000000 0.000000
0.000000 0.000000
0.000000 0.000000
0.000000 0.000000
0.000000 0.000000
0.000000 0.000000
0.000000 0.000000
0.000000 0.000000
59.492764 0.000000
0.000000 0.000000
0.000000 0.000000
0.000000 0.298203
0.000000 0.000000
0.000000 0.000000
0.000000 0.000000
1551.347778 0.430679
100.105110 -0.156058
4117.587891 0.846958
3765.899414 0.849237
279.005157 -1.325767
269.441467 -1.503251
267.395660 -1.556759
262.261047 -1.516775
262.669067 -1.559461
263.024628 -1.582719
260.582642 -1.585995
257.801880 -1.589615
256.582550 -1.585197
256.651886 -1.587115
256.580414 -1.583770
257.544617 -1.587370
259.685608 -1.593246
264.274139 -1.592232
268.226288 -1.586602
266.877411 -1.596582
261.984711 -1.369899
269.996643 -0.531081
294.033386 -1.539960
308.620331 -1.452951
311.366302 -1.372227
306.921997 -1.364994
301.935303 -1.464655
300.269470 -1.501451
300.153870 -1.443599
299.887115 -1.420616
300.182953 -1.328517
300.532440 -1.304469
299.538300 -1.321983
295.360809 -1.361287
289.246521 -1.573841
300.007965 -1.625343
303.567474 -1.626126
316.273956 -1.627202
343.320831 -1.445838
341.876587 -1.307019
339.755127 -1.361470
338.489563 -1.287767
338.716553 -1.392263
338.473511 -1.394526
334.156799 -1.392944
335.636200 -1.378720
341.107880 -1.507190
340.031036 -1.544793
332.103180 -1.357392
0.000000 0.000000
0.000000 0.000000
0.000000 0.000000
365.604340 0.000000
367.549255 0.000000
360.451996 0.000000
353.226624 0.000000
348.292236 0.000000
347.207916 0.000000
350.463623 0.000000
355.335876 0.000000
359.316956 0.000000
359.056061 0.000000
359.511261 0.000000
6650.243652 0.750633
1333.697754 0.905700
6554.155762 0.726117
6007.137207 0.840883
5199.636719 0.805707
403.312012 -1.438364
405.099762 -1.435745
401.716125 -1.438777
396.561401 -1.443788
391.393585 -1.447538
391.151855 -1.452006
397.137726 -1.453898
402.997375 -1.453559
404.278381 -1.448005
402.029053 -1.446256
396.023193 -1.462388
394.196594 -1.474019
399.845184 -1.461741
422.525452 -1.454412
446.702057 -1.418508
458.339447 -1.423909
460.119324 -1.424660
456.174896 -1.415754
450.403595 -1.418283
444.265228 -1.423965
446.478058 -1.427280
450.068390 -1.425767
452.024689 -1.422796
451.327850 -1.414305
445.073914 -1.373466
224.764557 -0.281197
226.386658 -0.492409
0.000000 0.000000
5340.391602 0.453821
513.522644 -0.244471
520.666199 -1.423086
519.156372 -1.452567
511.189392 -1.444102
496.955414 -1.432877
486.052094 -1.432526
482.157379 -1.426510
484.227722 -1.423373
489.610504 -1.429200
494.236755 -1.446946
499.885895 -1.452572
503.373688 -1.454257
508.585114 -1.432420
166.055466 -0.197655
3598.111816 0.352783
529.252441 -0.104131
533.340881 -1.525484
532.573425 -1.480849
531.389526 -1.508214
530.443176 -1.517548
530.075745 -1.510711
528.899475 -1.507874
527.848022 -1.510113
530.407837 -1.515057
531.419189 -1.516793
529.558960 -1.520467
531.107544 -1.537925
536.589844 -1.564797
547.414062 -1.552188
0.000000 -1.004960
268.512573 -0.775861
0.000000 0.230523
0.000000 -1.350716
0.000000 -1.346930
0.000000 -1.108699
0.000000 -0.701571
3987.629883 0.592654
544.309387 -1.370897
545.721680 -1.330943
545.912781 -1.420910
545.114929 -1.481620
544.670410 -1.489614
540.529724 -1.481843
534.951233 -1.481321
533.388489 -1.492653
533.553772 -1.502661
533.176575 -1.509870
531.783386 -1.499920
530.334412 -1.458501
536.712341 -1.317326
1628.498657 0.298857
6422.252441 0.550615
5416.710938 0.481811
514.694641 -0.562137
518.352539 -1.435265
516.455750 -1.440708
514.258911 -1.445615
510.483276 -1.435598
506.303497 -1.436687
505.251617 -1.431012
505.934235 -1.409064
503.505524 -1.404649
500.039124 -1.428329
490.162720 -1.452070
471.668152 -1.476038
451.819122 -1.477539
442.718842 -1.451747
441.688995 -1.443703
438.532959 -1.441730
436.119934 -1.435516
437.017731 -1.430011
438.582458 -1.424356
439.122253 -1.427822
441.200378 -1.437089
443.168793 -1.431597
445.623749 -0.349485
6562.619141 0.400693
7056.162109 0.695687
6377.291504 0.565461
5488.706055 0.622117
4743.200684 0.397642
393.414368 -1.471015
389.014893 -1.461813
384.437042 -1.476324
384.447754 -1.483112
387.819305 -1.484089
392.198883 -1.478393
396.928009 -1.487646
398.603973 -1.497840
396.434143 -1.486029
398.898102 -0.406630
357.782532 -0.463802
0.000000 0.000000
129.568329 0.000000
361.072205 0.000000
355.941833 0.000000
348.484283 0.000000
345.426605 0.000000
344.374603 0.000000
345.674774 0.000000
347.966949 0.000000
349.426483 0.000000
350.483002 0.000000
351.019012 0.000000
351.100830 0.000000
346.398346 0.000000
341.886108 0.000000
337.129517 0.000000
325.900116 0.000000
331.212372 0.000000
327.893250 0.000000
328.469482 0.000000
330.686218 0.000000
330.238251 0.000000
328.089172 0.000000
326.842957 0.000000
326.473480 0.000000
328.096191 0.000000
330.047211 0.000000
326.479279 0.000000
310.410004 0.000000
291.605255 0.000000
286.205505 0.000000
287.645966 0.000000
289.580261 0.000000
290.636719 0.000000
288.810242 0.000000
287.821869 0.000000
287.421051 0.000000
287.689514 0.000000
293.326630 0.000000
296.752655 0.000000
296.988953 0.000000
290.393219 0.000000
0.000000 0.000000
297.756226 0.000000
3013.987549 0.283404
260.731995 -1.592686
259.171448 -1.586993
260.799530 -1.571068
261.254395 -1.559917
260.344055 -1.602493
261.845001 -1.602119
261.270477 -1.593279
259.904114 -1.601069
259.036285 -1.620000
258.801544 -1.625999
257.371674 -1.622246
259.082672 -1.633726
266.058289 -1.636462
275.665009 -1.613458
276.494904 -1.598238
267.998047 -1.622577
255.677979 -1.642926
251.039322 -1.639755
257.204620 -1.649098
264.840210 -1.650664
273.854340 -1.601471
0.000000 -0.438839
0.000000 0.000000
0.000000 0.000000
0.000000 0.000000
0.000000 0.000000
0.000000 0.000000
0.000000 0.000000
0.000000 0.000000
0.000000 0.000000
0.000000 0.000000
0.000000 0.000000
0.000000 0.000000
0.000000 0.000000
0.000000 0.000000
0.000000 0.000000
0.000000 0.000000
0.000000 0.000000
0.000000 0.000000
0.000000 0.000000
0.000000 0.000000
0.000000 0.000000
0.000000 0.000000
0.000000 0.000000
0.000000 0.000000
0.000000 0.000000
0.000000 0.000000
0.000000 0.000000
0.000000 0.000000
0.000000 0.000000
0.000000 0.000000
0.000000 0.000000
0.000000 0.000000
0.000000 0.000000
0.000000 0.000000
0.000000 0.000000
0.000000 0.000000
0.000000 0.000000
0.000000 0.000000
0.000000 0.000000
0.000000 0.000000
0.000000 0.000000
0.000000 0.000000
0.000000 0.000000
0.000000 0.000000
0.000000 0.000000
0.000000 0.000000
0.000000 0.000000
0.000000 0.000000
0.000000 0.000000
0.000000 0.000000
0.000000 0.000000
0.000000 0.000000
0.000000 0.000000
0.000000 0.000000
0.000000 0.000000
0.000000 0.000000
0.000000 0.000000
0.000000 0.000000
0.000000 0.000000
0.000000 0.000000
0.000000 0.000000
0.000000 0.000000
0.000000 0.000000
0.000000 0.000000
0.000000 0.000000
0.000000 0.000000
0.000000 0.000000
0.000000 0.000000
0.000000 0.000000
0.000000 0.000000
0.000000 0.000000
0.000000 0.000000
0.000000 0.000000
0.000000 0.000000
0.000000 0.000000
0.000000 0.000000
0.000000 0.000000
0.000000 0.000000
0.000000 0.000000
0.000000 0.000000
0.000000 0.000000
0.000000 0.000000
0.000000 0.000000
0.000000 0.000000
0.000000 0.000000
0.000000 0.000000
0.000000 0.000000
0.000000 0.000000
0.000000 0.000000
0.000000 0.000000
0.000000 0.000000
0.000000 0.000000
0.000000 0.000000
0.000000 0.000000
0.000000 0.000000
0.000000 0.000000
0.000000 0.000000
0.000000 0.000000
0.000000 0.000000
0.000000 0.000000
0.000000 0.000000
0.000000 0.000000
0.000000 0.000000
0.000000 0.000000
0.000000 0.000000
0.000000 0.000000
0.000000 0.000000
0.000000 0.000000
0.000000 0.000000
0.000000 0.000000
0.000000 0.000000
0.000000 0.000000
0.000000 0.000000
0.000000 0.000000
0.000000 0.000000
0.000000 0.000000
0.000000 0.000000
0.000000 0.000000
0.000000 0.000000
0.000000 0.000000
0.000000 0.000000
0.000000 0.000000
0.000000 0.000000
0.000000 0.000000
0.000000 0.000000
0.000000 0.000000
0.000000 0.000000
0.000000 0.000000
0.000000 0.000000
0.000000 0.000000
0.000000 0.000000
0.000000 0.000000
0.000000 0.000000
0.000000 0.000000
0.000000 0.000000
0.000000 0.000000
0.000000 0.000000
0.000000 0.000000
0.000000 0.000000
0.000000 0.000000
0.000000 0.000000
0.000000 0.000000
0.000000 0.000000
0.000000 0.000000
0.000000 0.000000
0.000000 0.000000
0.000000 0.000000
0.000000 0.000000
0.000000 0.000000
0.000000 0.000000
0.000000 0.000000
0.000000 0.000000
0.000000 0.000000
0.000000 0.000000
0.000000 0.000000
0.000000 0.000000
0.000000 0.000000
0.000000 0.000000
0.000000 0.000000
0.000000 0.000000
0.000000 0.000000
0.000000 0.000000
0.000000 0.000000
0.000000 0.000000
0.000000 0.000000
0.000000 0.000000
0.000000 0.000000
0.000000 0.000000
0.000000 0.000000
0.000000 0.000000
0.000000 0.000000
0.000000 0.000000
0.000000 0.000000
0.000000 0.000000
0.000000 0.000000
0.000000 0.000000
0.000000 0.000000
0.000000 0.000000
0.000000 0.000000
0.000000 0.000000
0.000000 0.000000
0.000000 0.000000
0.000000 0.000000
0.000000 0.000000
0.000000 0.000000
0.000000 0.000000
0.000000 0.000000
0.000000 0.000000
0.000000 0.000000
0.000000 0.000000
0.000000 0.000000
0.000000 0.000000
0.000000 0.000000
0.000000 0.000000
0.000000 0.000000
0.000000 0.000000
0.000000 0.000000
0.000000 0.000000
0.000000 0.000000
0.000000 0.000000
0.000000 0.000000
0.000000 0.000000
0.000000 0.000000
0.000000 0.000000
0.000000 0.000000
0.000000 0.000000
0.000000 0.000000
0.000000 0.000000
0.000000 0.000000
0.000000 0.000000
0.000000 0.000000
0.000000 0.000000
0.000000 0.000000
0.000000 0.000000
0.000000 0.000000
0.000000 0.000000
0.000000 0.000000
0.000000 0.000000
0.000000 0.000000
0.000000 0.000000
0.000000 0.000000
0.000000 0.000000
0.000000 0.000000
0.000000 0.000000
0.000000 0.000000
0.000000 0.000000
0.000000 0.000000
0.000000 0.000000
0.000000 0.000000
0.000000 0.000000
0.000000 0.000000
0.000000 0.000000
0.000000 0.000000
0.000000 0.000000
0.000000 0.000000
0.000000 0.000000
0.000000 0.000000
0.000000 0.000000
0.000000 0.000000
0.000000 0.000000
0.000000 0.000000
0.000000 0.000000
0.000000 0.000000
0.000000 0.000000
0.000000 0.000000
0.000000 0.000000
0.000000 0.000000
0.000000 0.000000
0.000000 0.000000
0.000000 0.000000
0.000000 0.000000
0.000000 0.000000
0.000000 0.000000
0.000000 0.000000
0.000000 0.000000
0.000000 0.000000
0.000000 0.000000
0.000000 0.000000
0.000000 0.000000
0.000000 0.000000
0.000000 0.000000
0.000000 0.000000
0.000000 0.000000
0.000000 0.000000
0.000000 0.000000
0.000000 0.000000
0.000000 0.000000
0.000000 0.000000
0.000000 0.000000
0.000000 0.000000
0.000000 0.000000
0.000000 0.000000