0.000000 0.000000
0.000000 0.000000
0.000000 0.000000
0.000000 0.000000
0.000000 0.000000
0.000000 0.000000
171.749924 0.000000
0.000000 0.000000
0.000000 0.000000
0.000000 0.000000
0.000000 0.000000
161.324829 0.000000
248.518677 0.000000
0.000000 0.000000
0.000000 0.000000
0.000000 0.000000
0.000000 0.000000
0.000000 0.000000
60.104828 0.000000
0.000000 0.000000
0.000000 0.000000
0.000000 0.000000
221.274734 0.000000
0.000000 0.000000
180.560974 0.000000
0.000000 0.000000
181.390045 0.000000
172.657806 0.000000
0.000000 0.000000
0.000000 0.000000
122.695770 0.000000
0.000000 0.000000
208.256454 0.000000
122.382484 0.000000
0.000000 0.000000
0.000000 0.000000
258.984283 0.000000
60.122704 0.000000
0.000000 0.000000
173.011551 0.000000
2553.297607 0.468568
262.193359 -1.576522
254.680420 -1.642800
258.315765 -1.657674
260.075378 -1.645545
258.141083 -1.644057
259.234100 -1.605478
261.186523 -1.608152
263.648499 -1.625168
263.888062 -1.632230
263.002533 -1.600653
262.334625 -1.588912
261.460419 -1.593765
261.710388 -1.601839
262.410156 -1.617299
262.996094 -1.578536
264.453583 -1.624489
266.646729 -1.642325
268.205231 -1.637529
267.583771 -1.638470
265.873779 -1.645295
265.100739 -1.642168
264.340790 -1.650972
263.307892 -1.656246
262.984924 -1.639313
263.382385 -1.665512
264.685760 -1.647589
267.792480 -1.657984
270.727844 -1.659303
272.023895 -1.661118
273.315704 -1.625885
286.092682 -1.591550
301.000763 -1.613727
312.000580 -1.623462
316.411896 -1.616872
315.184692 -1.607377
312.278046 -1.627730
307.298340 -1.610928
304.161163 -1.608488
304.526550 -1.600937
303.514832 -1.581342
303.609253 -1.613609
302.653290 -1.602797
301.248535 -1.616261
300.441071 -1.610716
300.165100 -1.616541
300.411072 -1.627976
299.821991 -1.636433
298.224731 -1.626441
298.454376 -1.619579
298.842316 -1.621524
298.788605 -1.624473
298.833008 -1.629114
299.054230 -1.625871
299.359131 -1.623322
300.206573 -1.642648
301.508606 -1.634263
303.008057 -1.624674
311.031281 -1.611500
323.424805 -1.635554
336.291779 -1.608583
344.227722 -1.597822
346.814941 -1.593179
344.109833 -1.604290
340.704529 -1.605584
338.565857 -1.578018
338.055634 -1.573852
337.414459 -1.544286
336.909882 -1.588630
335.711639 -1.603941
334.453705 -1.587773
333.759216 -1.585315
333.309143 -1.594709
331.796875 -1.591790
331.202454 -1.604373
330.574890 -1.594091
330.017975 -1.589510
329.859100 -1.581203
329.733795 -1.591273
329.520203 -1.605549
329.244598 -1.592320
328.330811 -1.617129
329.507233 -1.601507
330.487640 -1.589595
330.331299 -1.593705
332.050598 -1.575848
334.322479 -1.608416
339.314117 -1.579667
351.333008 -1.593404
362.580017 -1.597886
368.202789 -1.602933
368.069458 -1.597890
363.364807 -1.593692
360.081421 -1.595720
358.375580 -1.595104
357.464478 -1.612016
356.844086 -1.606961
357.350586 -1.607258
357.349243 -1.608172
356.576019 -1.600547
355.648956 -1.604357
354.080811 -1.607152
352.261536 -1.610356
351.917755 -1.593300
351.316284 -1.601537
350.974365 -1.591672
349.567596 -1.611355
349.319977 -1.598886
349.278381 -1.593632
349.653595 -1.601888
349.988159 -1.583608
349.295563 -1.594438
348.648102 -1.589813
349.238159 -1.587385
349.890656 -1.592085
350.999390 -1.599209
351.525879 -1.600230
352.768402 -1.602082
355.000854 -1.607690
360.912720 -1.607970
377.881195 -1.605178
396.930084 -1.615211
410.006348 -1.618036
410.901581 -1.619721
404.088226 -1.608439
395.774109 -1.580041
391.092499 -1.584183
390.072174 -1.607533
389.659302 -1.574909
389.875977 -1.579011
390.536621 -1.607730
391.482117 -1.593011
391.192963 -1.597742
390.411530 -1.586683
389.473663 -1.587490
388.802155 -1.588496
389.343506 -1.592184
390.097595 -1.586347
390.592346 -1.589005
391.423920 -1.583148
392.154388 -1.579542
392.004242 -1.559880
392.318939 -1.556531
393.836823 -1.555531
402.007477 -1.589416
422.807495 -1.604015
446.729645 -1.586933
458.438324 -1.578368
454.143372 -1.562718
445.840515 -1.586048
440.250397 -1.572521
440.014404 -1.566191
442.247131 -1.573566
443.363770 -1.561052
445.785217 -1.546416
446.352386 -1.539368
443.973236 -1.537364
442.200256 -1.540410
441.501892 -1.540163
441.397491 -1.538564
440.285004 -1.541127
439.846436 -1.543952
440.225708 -1.547884
440.114105 -1.536089
440.436523 -1.535611
441.011261 -1.534312
440.389435 -1.530264
439.570892 -1.541446
438.323547 -1.544514
437.430206 -1.553151
437.006500 -1.550278
437.647217 -1.544452
440.229828 -1.531584
442.642395 -1.501691
445.408386 -1.486520
451.323029 -1.492089
460.420593 -1.523416
476.989502 -1.547086
489.498444 -1.575152
488.835510 -1.577089
485.368622 -1.576187
481.910156 -1.559292
479.311096 -1.548875
480.148529 -1.536349
482.500427 -1.534974
487.605225 -1.537697
494.015839 -1.547351
497.229462 -1.553153
493.958557 -1.553466
489.287201 -1.549249
487.567841 -1.554918
487.693024 -1.533452
486.926331 -1.521421
485.967499 -1.543545
486.256073 -1.516795
486.448761 -1.529814
486.796509 -1.514729
487.498993 -1.535530
486.496307 -1.517108
485.559174 -1.529026
484.490631 -1.502600
484.835632 -1.489651
484.521332 -1.463326
483.351044 -1.459615
485.768433 -1.497609
491.588104 -1.537812
503.233215 -1.553157
525.517761 -1.555645
537.985657 -1.525299
533.716431 -1.527523
529.380981 -1.553122
521.340088 -1.559267
514.989990 -1.559212
513.486450 -1.547670
514.235046 -1.553013
515.830139 -1.527506
516.948730 -1.540324
518.638611 -1.544189
521.142334 -1.545283
523.786865 -1.527442
523.621460 -1.544249
521.261108 -1.545504
518.654663 -1.552106
515.883423 -1.564405
514.097107 -1.569200
514.355530 -1.576311
517.844116 -1.555374
522.826843 -1.558881
530.320374 -1.541133
538.168213 -1.306104
534.438599 -1.059635
512.316101 -1.441200
284.410034 -1.373723
189.596649 -0.971968
514.717529 -0.468758
520.727112 -0.572200
523.164917 -0.540446
488.454956 -0.513169
513.611389 -0.575225
504.385559 -0.671906
516.166077 -0.581707
528.400574 -0.684316
297.785339 -0.646276
508.436859 -0.574345
293.666748 -0.667340
509.198151 -0.673982
159.028854 -0.743091
164.657257 -0.690542
519.132507 -0.557668
509.162201 -0.841110
966.150269 -0.918788
515.178772 -0.646533
0.000000 -0.749615
88.915024 -0.691751
0.000000 0.000000
91.703682 0.000000
90.894890 0.000000
262.349854 0.000000
273.302368 0.000000
537.521912 0.000000
532.079224 0.000000
526.725464 0.000000
519.290955 0.000000
513.985596 0.000000
510.828979 0.000000
512.637634 0.000000
520.427124 0.000000
528.547852 0.000000
529.840759 0.000000
528.412842 0.000000
524.313660 0.000000
524.903687 0.000000
527.684875 0.000000
529.574829 0.000000
527.716064 0.000000
520.150513 0.000000
504.049194 0.000000
495.906250 0.000000
498.115448 0.000000
499.482269 0.000000
499.500122 0.000000
498.888824 0.000000
496.232361 0.000000
492.600739 0.000000
488.829102 0.000000
487.173004 0.000000
487.870239 0.000000
488.717010 0.000000
488.827698 0.000000
488.329010 0.000000
488.654144 0.000000
489.527008 0.000000
489.281830 0.000000
489.769531 0.000000
488.701355 0.000000
488.329224 0.000000
488.908447 0.000000
488.955597 0.000000
488.858795 0.000000
488.813812 0.000000
488.578430 0.000000
488.988251 0.000000
489.715454 0.000000
491.436676 0.000000
492.441162 0.000000
494.804779 0.000000
490.371185 0.000000
478.245361 0.000000
456.766113 0.000000
448.241089 0.000000
447.956329 0.000000
444.690887 0.000000
439.776825 0.000000
437.215759 0.000000
434.855103 0.000000
432.594391 0.000000
433.703918 0.000000
433.650482 0.000000
434.504730 0.000000
435.629761 0.000000
436.263916 0.000000
434.788330 0.000000
434.709320 0.000000
434.894928 0.000000
435.352997 0.000000
436.824890 0.000000
436.884949 0.000000
436.663940 0.000000
436.323944 0.000000
435.290222 0.000000
435.724945 0.000000
435.977509 0.000000
436.785614 0.000000
437.335907 0.000000
435.925323 0.000000
434.775482 0.000000
430.229584 0.000000
418.955872 0.000000
402.711670 0.000000
396.652435 0.000000
397.991486 0.000000
397.526093 0.000000
394.578949 0.000000
393.175964 0.000000
393.394867 0.000000
393.267578 0.000000
392.629211 0.000000
393.033569 0.000000
393.690613 0.000000
393.598511 0.000000
391.250031 0.000000
388.803436 0.000000
388.110535 0.000000
387.445770 0.000000
388.214600 0.000000
389.346924 0.000000
389.484863 0.000000
388.957977 0.000000
388.324432 0.000000
389.746765 0.000000
389.807953 0.000000
389.490417 0.000000
389.446106 0.000000
390.149872 0.000000
391.765106 0.000000
392.176178 0.000000
390.162567 0.000000
382.730316 0.000000
367.502533 0.000000
355.724640 0.000000
352.738983 0.000000
351.912628 0.000000
350.953979 0.000000
350.004211 0.000000
351.236298 0.000000
352.442749 0.000000
351.769562 0.000000
349.773102 0.000000
348.516388 0.000000
346.174500 0.000000
344.725616 0.000000
345.778046 0.000000
347.735474 0.000000
349.243164 0.000000
351.099640 0.000000
351.463684 0.000000
350.152557 0.000000
348.546234 0.000000
347.762787 0.000000
347.869385 0.000000
348.645996 0.000000
349.148499 0.000000
349.914490 0.000000
352.494781 0.000000
354.101410 0.000000
354.324371 0.000000
352.550781 0.000000
346.414703 0.000000
336.332245 0.000000
328.447540 0.000000
326.527283 0.000000
328.267059 0.000000
330.603241 0.000000
330.984558 0.000000
329.367950 0.000000
330.119446 0.000000
332.075378 0.000000
331.718506 0.000000
330.977631 0.000000
329.560181 0.000000
328.542175 0.000000
328.032135 0.000000
327.502319 0.000000
326.841431 0.000000
326.993652 0.000000
329.908752 0.000000
332.176727 0.000000
333.751862 0.000000
334.002686 0.000000
332.420563 0.000000
330.936798 0.000000
330.686859 0.000000
331.702850 0.000000
334.095093 0.000000
335.243530 0.000000
334.722443 0.000000
329.441803 0.000000
317.962189 0.000000
304.229034 0.000000
300.253998 0.000000
300.971802 0.000000
301.520081 0.000000
297.568817 0.000000
292.935211 0.000000
290.802490 0.000000
289.635529 0.000000
288.971649 0.000000
288.111664 0.000000
287.797272 0.000000
287.076202 0.000000
287.615814 0.000000
289.124207 0.000000
290.278290 0.000000
290.875092 0.000000
290.841949 0.000000
290.517731 0.000000
289.378265 0.000000
288.433014 0.000000
288.758118 0.000000
289.551575 0.000000
290.499756 0.000000
292.396851 0.000000
293.667480 0.000000
295.107910 0.000000
295.680145 0.000000
293.999115 0.000000
291.921387 0.000000
281.998718 0.000000
267.660309 0.000000
261.464539 0.000000
263.410339 0.000000
264.780090 0.000000
263.527740 0.000000
260.983002 0.000000
260.491608 0.000000
261.714783 0.000000
261.926300 0.000000
261.766663 0.000000
261.884003 0.000000
261.562683 0.000000
261.381256 0.000000
262.760651 0.000000
266.928558 0.000000
268.698181 0.000000
268.250885 0.000000
266.083740 0.000000
263.583191 0.000000
260.994141 0.000000
259.339722 0.000000
259.102722 0.000000
261.997894 0.000000
265.328278 0.000000
264.751740 0.000000
262.274780 0.000000
259.196655 0.000000
259.491516 0.000000
262.973480 0.000000
266.322144 0.000000
268.691498 0.000000
270.652832 0.000000
269.258545 0.000000
266.134705 0.000000
263.329437 0.000000
265.751526 0.000000
263.877655 0.000000
264.725037 0.000000
271.251678 0.000000
257.017487 0.000000
219.356049 0.000000
0.000000 0.000000
244.864563 0.000000
91.183640 0.000000
612.292847 0.000000
0.000000 0.000000
0.000000 0.000000
92.035759 0.000000
0.000000 0.000000
0.000000 0.000000
0.000000 0.000000
0.000000 0.000000
0.000000 0.000000
0.000000 0.000000
0.000000 0.000000
0.000000 0.000000
0.000000 0.000000
0.000000 0.000000
0.000000 0.000000
0.000000 0.000000
0.000000 0.000000
0.000000 0.000000
0.000000 0.000000
0.000000 0.000000
0.000000 0.000000
0.000000 0.000000
0.000000 0.000000
0.000000 0.000000
0.000000 0.000000
0.000000 0.000000
0.000000 0.000000
0.000000 0.000000
0.000000 0.000000
0.000000 0.000000
0.000000 0.000000
0.000000 0.000000
0.000000 0.000000
0.000000 0.000000
0.000000 0.000000