0.000000 0.000000
0.000000 0.000000
0.000000 0.000000
0.000000 0.000000
0.000000 0.000000
0.000000 0.000000
0.000000 0.000000
0.000000 0.000000
0.000000 0.000000
0.000000 0.000000
0.000000 0.000000
0.000000 0.000000
0.000000 0.000000
0.000000 0.000000
0.000000 0.000000
0.000000 0.000000
0.000000 0.000000
0.000000 0.000000
0.000000 0.000000
0.000000 0.000000
0.000000 0.000000
0.000000 0.000000
0.000000 0.000000
0.000000 0.000000
0.000000 0.000000
0.000000 0.000000
0.000000 0.000000
0.000000 0.000000
0.000000 0.000000
0.000000 0.000000
0.000000 0.000000
0.000000 0.000000
0.000000 0.000000
0.000000 0.000000
0.000000 0.000000
265.676483 0.000000
265.646851 0.000000
266.219604 0.000000
266.244690 0.000000
266.006500 0.000000
265.988007 0.000000
265.809998 0.000000
265.702942 0.000000
265.311646 0.000000
265.098663 0.000000
264.801758 0.000000
264.509338 0.000000
264.211304 0.000000
264.095276 0.000000
263.928223 0.000000
263.865875 0.000000
263.842285 0.000000
263.826874 0.000000
263.704803 0.000000
263.633850 0.000000
263.548889 0.000000
263.535706 0.000000
263.507538 0.000000
263.480316 0.000000
263.414307 0.000000
263.388275 0.000000
263.308350 0.000000
263.187988 0.000000
263.119446 0.000000
263.245392 0.000000
302.031616 0.000000
298.954132 0.000000
298.736938 0.000000
298.531677 0.000000
298.458405 0.000000
298.269135 0.000000
297.710083 0.000000
297.296997 0.000000
296.718933 0.000000
296.134399 0.000000
295.932831 0.000000
295.928436 0.000000
295.877991 0.000000
296.172058 0.000000
296.682678 0.000000
296.979919 0.000000
297.101318 0.000000
297.374786 0.000000
297.585327 0.000000
297.734772 0.000000
297.792572 0.000000
297.839386 0.000000
297.953064 0.000000
298.179993 0.000000
298.082153 0.000000
297.953674 0.000000
297.824890 0.000000
297.737366 0.000000
297.617676 0.000000
299.328064 0.000000
337.522095 0.000000
335.187317 0.000000
335.087494 0.000000
334.934723 0.000000
334.748016 0.000000
334.117126 0.000000
333.531891 0.000000
333.054749 0.000000
332.655029 0.000000
332.383453 0.000000
332.250092 0.000000
332.382721 0.000000
332.792480 0.000000
333.121948 0.000000
333.399384 0.000000
333.852295 0.000000
334.076935 0.000000
334.202179 0.000000
334.310913 0.000000
334.398376 0.000000
334.649139 0.000000
334.644928 0.000000
334.511017 0.000000
334.337677 0.000000
334.204132 0.000000
334.058563 0.000000
333.900574 0.000000
333.783417 0.000000
333.562195 0.000000
349.510651 0.000000
354.963287 0.000000
354.178741 0.000000
353.622955 0.000000
352.947296 0.000000
352.393097 0.000000
351.985718 0.000000
351.797607 0.000000
351.817169 0.000000
352.004456 0.000000
352.415436 0.000000
352.707184 0.000000
353.166779 0.000000
353.288422 0.000000
353.519348 0.000000
353.603821 0.000000
353.671082 0.000000
353.685242 0.000000
353.521881 0.000000
353.388397 0.000000
353.084778 0.000000
352.771149 0.000000
352.678375 0.000000
352.561279 0.000000
352.589569 0.000000
352.806183 0.000000
353.044403 0.000000
353.284210 0.000000
353.295685 0.000000
353.142761 0.000000
397.335632 0.000000
398.160858 0.000000
397.201965 0.000000
396.530762 0.000000
395.726471 0.000000
395.198212 0.000000
394.856415 0.000000
394.834229 0.000000
395.090057 0.000000
395.549500 0.000000
395.988800 0.000000
396.308014 0.000000
396.503662 0.000000
396.724518 0.000000
396.798737 0.000000
396.856323 0.000000
396.730103 0.000000
396.565826 0.000000
396.256561 0.000000
396.020935 0.000000
395.827179 0.000000
395.811951 0.000000
395.980103 0.000000
396.191681 0.000000
396.388458 0.000000
396.332214 0.000000
396.056549 0.000000
395.638123 0.000000
395.185242 0.000000
394.992401 0.000000
441.172363 0.000000
444.429413 0.000000
444.061127 0.000000
444.023804 0.000000
444.243591 0.000000
444.667633 0.000000
444.803192 0.000000
444.765259 0.000000
444.719574 0.000000
444.518036 0.000000
444.057068 0.000000
443.531250 0.000000
443.136322 0.000000
442.731445 0.000000
442.656372 0.000000
442.618042 0.000000
442.751038 0.000000
442.754913 0.000000
442.939667 0.000000
442.994232 0.000000
442.964020 0.000000
442.713165 0.000000
442.505798 0.000000
442.304932 0.000000
442.185974 0.000000
442.017273 0.000000
441.855316 0.000000
441.757812 0.000000
441.668884 0.000000
441.635406 0.000000
500.569916 0.000000
501.101074 0.000000
501.689697 0.000000
501.690887 0.000000
501.791107 0.000000
501.408722 0.000000
500.445282 0.000000
499.907867 0.000000
499.822876 0.000000
499.810822 0.000000
499.936432 0.000000
500.595154 0.000000
501.813751 0.000000
502.512543 0.000000
502.340057 0.000000
501.996399 0.000000
501.439056 0.000000
500.900635 0.000000
500.439178 0.000000
500.047455 0.000000
500.021545 0.000000
500.036743 0.000000
499.959442 0.000000
499.789398 0.000000
499.473785 0.000000
499.186707 0.000000
498.834930 0.000000
498.613373 0.000000
498.482300 0.000000
504.377960 0.000000
531.416260 0.000000
531.513855 0.000000
531.924438 0.000000
531.699951 0.000000
531.524475 0.000000
530.913147 0.000000
529.657715 0.000000
529.478821 0.000000
529.596313 0.000000
529.369873 0.000000
529.832397 0.000000
531.222107 0.000000
531.959839 0.000000
531.756104 0.000000
531.502441 0.000000
530.969482 0.000000
530.392273 0.000000
530.014343 0.000000
529.736877 0.000000
529.683838 0.000000
529.684570 0.000000
529.618042 0.000000
529.269043 0.000000
528.941895 0.000000
528.549561 0.000000
528.267761 0.000000
528.008362 0.000000
528.168335 0.000000
528.230469 0.000000
528.205750 0.000000
528.249756 0.000000
528.459778 0.000000
528.603271 0.000000
528.840210 0.000000
528.896118 0.000000
528.513733 0.000000
527.572632 0.000000
526.451660 0.000000
0.000000 0.000000
0.000000 0.000000
0.000000 0.000000
0.000000 0.000000
0.000000 0.000000
0.000000 0.000000
533.941589 0.000000
531.203430 0.000000
531.651184 0.000000
531.735413 0.000000
531.801270 0.000000
531.442566 0.000000
530.488159 0.000000
529.673279 0.000000
529.493469 0.000000
529.417786 0.000000
529.520996 0.000000
530.225525 0.000000
531.428345 0.000000
532.031982 0.000000
531.742310 0.000000
531.315430 0.000000
530.798828 0.000000
530.324524 0.000000
529.908875 0.000000
529.732666 0.000000
529.730225 0.000000
529.679016 0.000000
529.536682 0.000000
529.175659 0.000000
528.863220 0.000000
528.452332 0.000000
528.187988 0.000000
528.026306 0.000000
528.214294 0.000000
528.192383 0.000000
504.651398 0.000000
501.454285 0.000000
502.026489 0.000000
502.019409 0.000000
502.155487 0.000000
501.943970 0.000000
501.071075 0.000000
500.152527 0.000000
500.142670 0.000000
500.001007 0.000000
499.881195 0.000000
500.396759 0.000000
501.438416 0.000000
502.310486 0.000000
502.497009 0.000000
502.135345 0.000000
501.585571 0.000000
501.095306 0.000000
500.615051 0.000000
500.172516 0.000000
500.057251 0.000000
500.027771 0.000000
499.972382 0.000000
499.884918 0.000000
499.564850 0.000000
499.292908 0.000000
498.936890 0.000000
498.680573 0.000000
498.479309 0.000000
498.614197 0.000000
441.274353 0.000000
444.506470 0.000000
444.091217 0.000000
444.022278 0.000000
444.254120 0.000000
444.703918 0.000000
444.835815 0.000000
444.789276 0.000000
444.755371 0.000000
444.544006 0.000000
444.071442 0.000000
443.536713 0.000000
443.133850 0.000000
442.736298 0.000000
442.665436 0.000000
442.622375 0.000000
442.751617 0.000000
442.758453 0.000000
442.947998 0.000000
442.996277 0.000000
442.962524 0.000000
442.713867 0.000000
442.504669 0.000000
442.303864 0.000000
442.181305 0.000000
442.014130 0.000000
441.852875 0.000000
441.756714 0.000000
441.668610 0.000000
441.596436 0.000000
399.060791 0.000000
397.983734 0.000000
397.129791 0.000000
396.415558 0.000000
395.750793 0.000000
395.199677 0.000000
395.019623 0.000000
395.083038 0.000000
395.377289 0.000000
395.786804 0.000000
396.217499 0.000000
396.421661 0.000000
396.631775 0.000000
396.751190 0.000000
396.816254 0.000000
396.859558 0.000000
396.702423 0.000000
396.469086 0.000000
396.110931 0.000000
395.987640 0.000000
395.816711 0.000000
395.859314 0.000000
396.030975 0.000000
396.292328 0.000000
396.381836 0.000000
396.261658 0.000000
395.906708 0.000000
395.393280 0.000000
395.106934 0.000000
391.899078 0.000000
355.001343 0.000000
354.524017 0.000000
353.765167 0.000000
353.240936 0.000000
352.507599 0.000000
352.189362 0.000000
351.834717 0.000000
351.845947 0.000000
352.002747 0.000000
352.322815 0.000000
352.675537 0.000000
353.087158 0.000000
353.296753 0.000000
353.455322 0.000000
353.641418 0.000000
353.661957 0.000000
353.662445 0.000000
353.580170 0.000000
353.437317 0.000000
353.174408 0.000000
352.830902 0.000000
352.725861 0.000000
352.541138 0.000000
352.571838 0.000000
352.764984 0.000000
352.969299 0.000000
353.242279 0.000000
353.298492 0.000000
353.205109 0.000000
340.955872 0.000000
337.037048 0.000000
335.213837 0.000000
335.035950 0.000000
334.943970 0.000000
334.714691 0.000000
334.133423 0.000000
333.559814 0.000000
333.043488 0.000000
332.581299 0.000000
332.272095 0.000000
332.224976 0.000000
332.464172 0.000000
332.962097 0.000000
333.194122 0.000000
333.478119 0.000000
333.809113 0.000000
334.070282 0.000000
334.218597 0.000000
334.349335 0.000000
334.435730 0.000000
334.671600 0.000000
334.614532 0.000000
334.474213 0.000000
334.329254 0.000000
334.191376 0.000000
334.041687 0.000000
333.883118 0.000000
333.752716 0.000000
333.532990 0.000000
303.916687 0.000000
300.312592 0.000000
298.840790 0.000000
298.732056 0.000000
298.500549 0.000000
298.370544 0.000000
298.058746 0.000000
297.443939 0.000000
297.076324 0.000000
296.467865 0.000000
296.064819 0.000000
295.862366 0.000000
295.861786 0.000000
296.085571 0.000000
296.503174 0.000000
296.866760 0.000000
296.947693 0.000000
297.264221 0.000000
297.475891 0.000000
297.646027 0.000000
297.758026 0.000000
297.828430 0.000000
297.876587 0.000000
298.067200 0.000000
298.155182 0.000000
298.054901 0.000000
297.889465 0.000000
297.789917 0.000000
297.670319 0.000000
297.544617 0.000000
266.198547 0.000000
265.475311 0.000000
266.349854 0.000000
266.411285 0.000000
265.982208 0.000000
265.998810 0.000000
265.839264 0.000000
265.821625 0.000000
265.322784 0.000000
265.114563 0.000000
264.860291 0.000000
264.587311 0.000000
264.215973 0.000000
264.088348 0.000000
263.972809 0.000000
263.881561 0.000000
263.821655 0.000000
263.826965 0.000000
263.725403 0.000000
263.645569 0.000000
263.540741 0.000000
263.529205 0.000000
263.518921 0.000000
263.485504 0.000000
263.413727 0.000000
263.386719 0.000000
263.326080 0.000000
263.203430 0.000000
263.122620 0.000000
263.071075 0.000000
263.037201 0.000000
262.974609 0.000000
262.919006 0.000000
262.867188 0.000000
262.847626 0.000000
262.829926 0.000000
262.850677 0.000000
262.860352 0.000000
262.862000 0.000000
262.856323 0.000000
262.831879 0.000000
262.845276 0.000000
0.000000 0.000000
0.000000 0.000000
0.000000 0.000000
0.000000 0.000000
0.000000 0.000000
0.000000 0.000000
0.000000 0.000000
0.000000 0.000000
0.000000 0.000000
0.000000 0.000000
0.000000 0.000000
0.000000 0.000000
0.000000 0.000000
0.000000 0.000000
0.000000 0.000000
0.000000 0.000000
0.000000 0.000000
0.000000 0.000000
0.000000 0.000000
0.000000 0.000000
0.000000 0.000000
0.000000 0.000000
0.000000 0.000000
0.000000 0.000000
0.000000 0.000000
0.000000 0.000000
0.000000 0.000000
0.000000 0.000000
0.000000 0.000000
0.000000 0.000000
0.000000 0.000000
0.000000 0.000000
0.000000 0.000000
0.000000 0.000000
0.000000 0.000000
0.000000 0.000000
0.000000 0.000000
0.000000 0.000000