0.000000 0.000000
0.000000 0.000000
0.000000 0.000000
0.000000 0.000000
0.000000 0.000000
0.000000 0.000000
0.000000 0.000000
0.000000 0.000000
0.000000 0.000000
0.000000 0.000000
0.000000 0.000000
0.000000 0.000000
0.000000 0.000000
0.000000 0.000000
0.000000 0.000000
0.000000 0.000000
0.000000 0.000000
0.000000 0.000000
0.000000 0.000000
0.000000 0.000000
0.000000 0.000000
0.000000 0.000000
0.000000 0.000000
0.000000 0.000000
0.000000 0.000000
0.000000 0.000000
0.000000 0.000000
0.000000 0.000000
0.000000 0.000000
0.000000 0.000000
0.000000 0.000000
0.000000 0.000000
0.000000 0.000000
0.000000 0.000000
0.000000 0.000000
265.676483 0.000000
265.646820 0.000000
266.219604 0.000000
266.244690 0.000000
266.006500 0.000000
265.988007 0.000000
265.809998 0.000000
265.702972 0.000000
265.311646 0.000000
265.098663 0.000000
264.801758 0.000000
264.509338 0.000000
264.211304 0.000000
264.095276 0.000000
263.921722 0.000000
302.654846 0.000000
299.176239 0.000000
298.571686 0.000000
298.299316 0.000000
298.517395 0.000000
298.489410 0.000000
297.703094 0.000000
297.116730 0.000000
296.783508 0.000000
296.329346 0.000000
295.909088 0.000000
295.750000 0.000000
295.876373 0.000000
296.315796 0.000000
296.878357 0.000000
338.042603 0.000000
335.313507 0.000000
334.911438 0.000000
334.625580 0.000000
334.471100 0.000000
334.235901 0.000000
333.752625 0.000000
333.329712 0.000000
332.636749 0.000000
332.137238 0.000000
332.120941 0.000000
332.262512 0.000000
332.841187 0.000000
333.297272 0.000000
333.731232 0.000000
354.727478 0.000000
354.180267 0.000000
353.613647 0.000000
352.947937 0.000000
352.510498 0.000000
352.034637 0.000000
351.810028 0.000000
351.785217 0.000000
351.931824 0.000000
352.308533 0.000000
352.557800 0.000000
353.101440 0.000000
353.187836 0.000000
353.483917 0.000000
354.535828 0.000000
398.184479 0.000000
397.527802 0.000000
396.615570 0.000000
396.025696 0.000000
395.338928 0.000000
394.903137 0.000000
394.808777 0.000000
394.979858 0.000000
395.403687 0.000000
395.789520 0.000000
396.272430 0.000000
396.411530 0.000000
396.719788 0.000000
396.741577 0.000000
401.566040 0.000000
443.711334 0.000000
444.106415 0.000000
444.025330 0.000000
444.064636 0.000000
444.490662 0.000000
444.874023 0.000000
444.912170 0.000000
444.795197 0.000000
444.708252 0.000000
444.351685 0.000000
443.873077 0.000000
443.373566 0.000000
442.856293 0.000000
442.682526 0.000000
443.057709 0.000000
500.390045 0.000000
501.265594 0.000000
501.671387 0.000000
501.775146 0.000000
501.532990 0.000000
500.937500 0.000000
499.975189 0.000000
499.730408 0.000000
499.612915 0.000000
499.591370 0.000000
500.068024 0.000000
501.084015 0.000000
502.086395 0.000000
502.427124 0.000000
520.746948 0.000000
530.929993 0.000000
531.174255 0.000000
531.348083 0.000000
531.753540 0.000000
531.120544 0.000000
530.037292 0.000000
529.704834 0.000000
529.331970 0.000000
529.149963 0.000000
529.597107 0.000000
530.279480 0.000000
531.363953 0.000000
532.063782 0.000000
531.715759 0.000000
531.209106 0.000000
530.800415 0.000000
530.309875 0.000000
529.819214 0.000000
529.754517 0.000000
533.826660 0.000000
531.268860 0.000000
531.830688 0.000000
531.741699 0.000000
531.785522 0.000000
531.334412 0.000000
530.274719 0.000000
529.678101 0.000000
529.501831 0.000000
529.405579 0.000000
529.626465 0.000000
530.474121 0.000000
531.577820 0.000000
532.001770 0.000000
531.665039 0.000000
505.782166 0.000000
502.063385 0.000000
502.283783 0.000000
502.175995 0.000000
502.367157 0.000000
501.989899 0.000000
501.014923 0.000000
500.318665 0.000000
500.145630 0.000000
499.977386 0.000000
500.012695 0.000000
500.486572 0.000000
501.556366 0.000000
502.414185 0.000000
502.463654 0.000000
442.695770 0.000000
444.560699 0.000000
443.951172 0.000000
444.015839 0.000000
444.295258 0.000000
444.671204 0.000000
444.823792 0.000000
444.785309 0.000000
444.740143 0.000000
444.531982 0.000000
444.068268 0.000000
443.530212 0.000000
443.120850 0.000000
442.730530 0.000000
442.661255 0.000000
400.283264 0.000000
398.314331 0.000000
397.332214 0.000000
396.532074 0.000000
395.777100 0.000000
395.247772 0.000000
395.089569 0.000000
395.145020 0.000000
395.435059 0.000000
395.842499 0.000000
396.266510 0.000000
396.473938 0.000000
396.660522 0.000000
396.787079 0.000000
396.816223 0.000000
355.098572 0.000000
354.826416 0.000000
353.955139 0.000000
353.471680 0.000000
352.698578 0.000000
352.319214 0.000000
351.894684 0.000000
351.902557 0.000000
351.991882 0.000000
352.288696 0.000000
352.610901 0.000000
353.056244 0.000000
353.266449 0.000000
353.439789 0.000000
353.405884 0.000000
338.507172 0.000000
335.543396 0.000000
335.231903 0.000000
334.985504 0.000000
334.751038 0.000000
334.350922 0.000000
333.656616 0.000000
333.280518 0.000000
332.710144 0.000000
332.344147 0.000000
332.291290 0.000000
332.340668 0.000000
332.864349 0.000000
333.114288 0.000000
333.474426 0.000000
302.384888 0.000000
299.165558 0.000000
298.857544 0.000000
298.622925 0.000000
298.812408 0.000000
298.430084 0.000000
297.668335 0.000000
297.146057 0.000000
296.565796 0.000000
296.398895 0.000000
296.033081 0.000000
295.921173 0.000000
295.896942 0.000000
296.222076 0.000000
295.919373 0.000000
265.520874 0.000000
266.425323 0.000000
266.577881 0.000000
266.120972 0.000000
266.232635 0.000000
266.135071 0.000000
266.022247 0.000000
265.523376 0.000000
265.295044 0.000000
265.045715 0.000000
264.707336 0.000000
264.314819 0.000000
264.133484 0.000000
264.075073 0.000000
263.903137 0.000000
263.830200 0.000000
263.858673 0.000000
263.821777 0.000000
263.689819 0.000000
263.567535 0.000000
263.566864 0.000000
263.597107 0.000000
263.496918 0.000000
263.405273 0.000000
263.414062 0.000000
263.442047 0.000000
263.257599 0.000000
263.082520 0.000000
263.127045 0.000000
0.000000 0.000000
0.000000 0.000000
0.000000 0.000000
0.000000 0.000000
0.000000 0.000000
0.000000 0.000000
0.000000 0.000000
0.000000 0.000000
0.000000 0.000000
0.000000 0.000000
0.000000 0.000000
0.000000 0.000000
0.000000 0.000000
0.000000 0.000000
0.000000 0.000000
0.000000 0.000000
0.000000 0.000000
0.000000 0.000000
0.000000 0.000000
0.000000 0.000000
0.000000 0.000000
0.000000 0.000000
0.000000 0.000000
0.000000 0.000000
0.000000 0.000000
0.000000 0.000000
0.000000 0.000000
0.000000 0.000000
0.000000 0.000000
0.000000 0.000000
0.000000 0.000000
0.000000 0.000000
0.000000 0.000000
0.000000 0.000000
0.000000 0.000000
0.000000 0.000000
0.000000 0.000000
0.000000 0.000000
0.000000 0.000000
0.000000 0.000000
0.000000 0.000000
0.000000 0.000000
0.000000 0.000000
0.000000 0.000000
0.000000 0.000000
0.000000 0.000000
0.000000 0.000000
0.000000 0.000000
0.000000 0.000000
0.000000 0.000000
0.000000 0.000000
0.000000 0.000000
0.000000 0.000000
0.000000 0.000000
0.000000 0.000000
0.000000 0.000000
0.000000 0.000000
0.000000 0.000000
0.000000 0.000000
0.000000 0.000000
0.000000 0.000000
0.000000 0.000000
0.000000 0.000000
0.000000 0.000000
0.000000 0.000000
0.000000 0.000000
0.000000 0.000000
0.000000 0.000000
0.000000 0.000000
0.000000 0.000000
0.000000 0.000000
0.000000 0.000000
0.000000 0.000000
0.000000 0.000000
0.000000 0.000000
0.000000 0.000000
0.000000 0.000000
0.000000 0.000000
0.000000 0.000000
0.000000 0.000000
0.000000 0.000000
0.000000 0.000000
0.000000 0.000000
0.000000 0.000000
0.000000 0.000000
0.000000 0.000000
0.000000 0.000000
0.000000 0.000000
0.000000 0.000000
0.000000 0.000000
0.000000 0.000000
0.000000 0.000000
0.000000 0.000000
0.000000 0.000000
0.000000 0.000000
0.000000 0.000000
0.000000 0.000000
0.000000 0.000000
0.000000 0.000000
0.000000 0.000000
0.000000 0.000000
0.000000 0.000000
0.000000 0.000000
0.000000 0.000000
0.000000 0.000000
0.000000 0.000000
0.000000 0.000000
0.000000 0.000000
0.000000 0.000000
0.000000 0.000000
0.000000 0.000000
0.000000 0.000000
0.000000 0.000000
0.000000 0.000000
0.000000 0.000000
0.000000 0.000000
0.000000 0.000000
0.000000 0.000000
0.000000 0.000000
0.000000 0.000000
0.000000 0.000000
0.000000 0.000000
0.000000 0.000000
0.000000 0.000000
0.000000 0.000000
0.000000 0.000000
0.000000 0.000000
0.000000 0.000000
0.000000 0.000000
0.000000 0.000000
0.000000 0.000000
0.000000 0.000000
0.000000 0.000000
0.000000 0.000000
0.000000 0.000000
0.000000 0.000000
0.000000 0.000000
0.000000 0.000000
0.000000 0.000000
0.000000 0.000000
0.000000 0.000000
0.000000 0.000000
0.000000 0.000000
0.000000 0.000000
0.000000 0.000000
0.000000 0.000000
0.000000 0.000000
0.000000 0.000000
0.000000 0.000000
0.000000 0.000000
0.000000 0.000000
0.000000 0.000000
0.000000 0.000000
0.000000 0.000000
0.000000 0.000000
0.000000 0.000000
0.000000 0.000000
0.000000 0.000000
0.000000 0.000000
0.000000 0.000000
0.000000 0.000000
0.000000 0.000000
0.000000 0.000000
0.000000 0.000000
0.000000 0.000000
0.000000 0.000000
0.000000 0.000000
0.000000 0.000000
0.000000 0.000000
0.000000 0.000000
0.000000 0.000000
0.000000 0.000000
0.000000 0.000000
0.000000 0.000000
0.000000 0.000000
0.000000 0.000000
0.000000 0.000000
0.000000 0.000000
0.000000 0.000000
0.000000 0.000000
0.000000 0.000000
0.000000 0.000000
0.000000 0.000000
0.000000 0.000000
0.000000 0.000000
0.000000 0.000000
0.000000 0.000000
0.000000 0.000000
0.000000 0.000000
0.000000 0.000000
0.000000 0.000000
0.000000 0.000000
0.000000 0.000000
0.000000 0.000000
0.000000 0.000000
0.000000 0.000000
0.000000 0.000000
0.000000 0.000000
0.000000 0.000000
0.000000 0.000000
0.000000 0.000000
0.000000 0.000000
0.000000 0.000000
0.000000 0.000000
0.000000 0.000000
0.000000 0.000000
0.000000 0.000000
0.000000 0.000000
0.000000 0.000000
0.000000 0.000000
0.000000 0.000000
0.000000 0.000000
0.000000 0.000000
0.000000 0.000000
0.000000 0.000000
0.000000 0.000000
0.000000 0.000000
0.000000 0.000000
0.000000 0.000000
0.000000 0.000000
0.000000 0.000000
0.000000 0.000000
0.000000 0.000000
0.000000 0.000000
0.000000 0.000000
0.000000 0.000000
0.000000 0.000000
0.000000 0.000000
0.000000 0.000000
0.000000 0.000000
0.000000 0.000000
0.000000 0.000000
0.000000 0.000000
0.000000 0.000000
0.000000 0.000000
0.000000 0.000000
0.000000 0.000000
0.000000 0.000000
0.000000 0.000000
0.000000 0.000000
0.000000 0.000000
0.000000 0.000000
0.000000 0.000000
0.000000 0.000000
0.000000 0.000000
0.000000 0.000000
0.000000 0.000000
0.000000 0.000000
0.000000 0.000000
0.000000 0.000000
0.000000 0.000000
0.000000 0.000000
0.000000 0.000000
0.000000 0.000000
0.000000 0.000000
0.000000 0.000000
0.000000 0.000000
0.000000 0.000000
0.000000 0.000000
0.000000 0.000000
0.000000 0.000000
0.000000 0.000000
0.000000 0.000000
0.000000 0.000000
0.000000 0.000000