0.0 0.0 0.0
0.023219954648526078 0.0 0.0
0.046439909297052155 0.0 0.0
0.06965986394557823 0.0 0.0
0.09287981859410431 0.0 0.0
0.11609977324263039 0.0 0.0
0.13931972789115646 0.0 0.0
0.16253968253968254 0.0 0.0
0.18575963718820862 0.0 0.0
0.2089795918367347 0.0 0.0
0.23219954648526078 0.0 0.0
0.25541950113378686 0.0 0.0
0.2786394557823129 0.0 0.0
0.301859410430839 0.0 0.0
0.3250793650793651 0.0 0.0
0.34829931972789113 0.0 0.0
0.37151927437641724 0.0 0.0
0.3947392290249433 0.0 0.0
0.4179591836734694 0.0 0.0
0.44117913832199546 0.0 0.0
0.46439909297052157 0.0 0.0
0.4876190476190476 0.0 0.0
0.5108390022675737 0.0 0.0
0.5340589569160997 0.0 0.0
0.5572789115646258 0.0 0.0
0.5804988662131519 0.0 0.0
0.603718820861678 0.0 0.0
0.626938775510204 0.0 0.0
0.6501587301587302 0.0 0.0
0.6733786848072563 0.0 0.0
0.6965986394557823 0.0 0.0
0.7198185941043084 0.0 0.0
0.7430385487528345 0.0 0.0
0.7662585034013606 0.0 0.0
0.7894784580498866 0.0 0.0
0.8126984126984127 0.0 0.0
0.8359183673469388 0.0 0.0
0.8591383219954648 0.0 0.0
0.8823582766439909 0.0 0.0
0.905578231292517 0.0 0.0
0.9287981859410431 0.0 0.0
0.9520181405895691 302.6470031738281 0.0
0.9752380952380952 299.3574523925781 0.0
0.9984580498866213 298.7666320800781 0.0
1.0216780045351475 298.5299072265625 0.0
1.0448979591836736 298.5166320800781 0.0
1.0681179138321995 298.433349609375 0.0
1.0913378684807256 297.8457336425781 0.0
1.1145578231292517 297.291015625 0.0
1.1377777777777778 296.8507080078125 0.0
1.1609977324263039 296.2689208984375 0.0
1.18421768707483 295.999755859375 0.0
1.207437641723356 295.8864440917969 0.0
1.230657596371882 295.8746643066406 0.0
1.253877551020408 296.1834716796875 0.0
1.2770975056689342 296.6187438964844 0.0
1.3003174603174603 302.0997619628906 0.0
1.3235374149659864 299.38922119140625 0.0
1.3467573696145125 298.8230285644531 0.0
1.3699773242630386 298.5362243652344 0.0
1.3931972789115645 298.5701599121094 0.0
1.4164172335600906 301.08709716796875 0.0
1.4396371882086167 334.07696533203125 0.0
1.4628571428571429 334.16717529296875 0.0
1.486077097505669 334.15057373046875 0.0
1.509297052154195 334.3089904785156 0.0
1.5325170068027212 334.19964599609375 0.0
1.555736961451247 333.6212463378906 0.0
1.5789569160997732 333.03387451171875 0.0
1.6021768707482993 332.3102722167969 0.0
1.6253968253968254 332.0055236816406 0.0
1.6486167800453515 332.176025390625 0.0
1.6718367346938776 332.4272155761719 0.0
1.6950566893424037 332.848388671875 0.0
1.7182766439909296 333.1159362792969 0.0
1.7414965986394557 333.0805358886719 0.0
1.7647165532879818 333.5436706542969 0.0
1.787936507936508 333.9693908691406 0.0
1.811156462585034 334.26141357421875 0.0
1.8343764172335602 334.4046325683594 0.0
1.8575963718820863 334.5730285644531 0.0
1.8808163265306121 302.08758544921875 0.0
1.9040362811791383 298.9519958496094 0.0
1.9272562358276644 298.7457580566406 0.0
1.9504761904761905 298.5459289550781 0.0
1.9736961451247166 298.56549072265625 0.0
1.9969160997732427 298.41656494140625 0.0
2.020136054421769 297.64520263671875 0.0
2.043356009070295 297.1520080566406 0.0
2.066575963718821 296.7095947265625 0.0
2.089795918367347 296.2335205078125 0.0
2.1130158730158732 295.97601318359375 0.0
2.136235827664399 295.8816223144531 0.0
2.159455782312925 295.8816833496094 0.0
2.182675736961451 296.2290954589844 0.0
2.2058956916099772 296.6925354003906 0.0
2.2291156462585033 296.9389343261719 0.0
2.2523356009070294 297.14910888671875 0.0
2.2755555555555556 297.4455871582031 0.0
2.2987755102040817 297.57635498046875 0.0
2.3219954648526078 296.85308837890625 0.0
2.345215419501134 398.2159118652344 0.0
2.36843537414966 397.561279296875 0.0
2.391655328798186 396.79229736328125 0.0
2.414875283446712 395.9898986816406 0.0
2.4380952380952383 395.41455078125 0.0
2.461315192743764 394.91522216796875 0.0
2.48453514739229 394.79522705078125 0.0
2.507755102040816 394.98968505859375 0.0
2.5309750566893423 395.35235595703125 0.0
2.5541950113378684 395.7945861816406 0.0
2.5774149659863945 396.2456970214844 0.0
2.6006349206349206 396.427734375 0.0
2.6238548752834467 396.6820983886719 0.0
2.647074829931973 396.75762939453125 0.0
2.670294784580499 396.81573486328125 0.0
2.693514739229025 396.7707824707031 0.0
2.716734693877551 396.6529235839844 0.0
2.7399546485260773 396.3865661621094 0.0
2.7631746031746034 396.04168701171875 0.0
2.786394557823129 379.32794189453125 0.0
2.809614512471655 376.0799255371094 0.0
2.8328344671201813 375.2988586425781 0.0
2.8560544217687074 374.58624267578125 0.0
2.8792743764172335 373.8922424316406 0.0
2.9024943310657596 373.27215576171875 0.0
2.9257142857142857 372.8421936035156 0.0
2.948934240362812 372.71435546875 0.0
2.972154195011338 372.81597900390625 0.0
2.995374149659864 373.0574645996094 0.0
3.01859410430839 373.47918701171875 0.0
3.0418140589569163 373.89324951171875 0.0
3.0650340136054424 374.19024658203125 0.0
3.0882539682539685 374.3536682128906 0.0
3.111473922902494 374.5791931152344 0.0
3.1346938775510202 374.6214294433594 0.0
3.1579138321995464 374.6468505859375 0.0
3.1811337868480725 374.51861572265625 0.0
3.2043537414965986 374.395751953125 0.0
3.2275736961451247 374.08660888671875 0.0
3.250793650793651 373.76971435546875 0.0
3.274013605442177 373.6488342285156 0.0
3.297233560090703 373.5653076171875 0.0
3.320453514739229 373.6332092285156 0.0
3.3436734693877552 373.8122863769531 0.0
3.3668934240362813 374.10211181640625 0.0
3.3901133786848074 374.2125244140625 0.0
3.4133333333333336 374.14263916015625 0.0
3.436553287981859 373.8336181640625 0.0
3.4597732426303853 373.4203796386719 0.0
3.4829931972789114 373.0716552734375 0.0
3.5062131519274375 372.86065673828125 0.0
3.5294331065759637 372.8818054199219 0.0
3.5526530612244898 373.111083984375 0.0
3.575873015873016 373.23345947265625 0.0
3.599092970521542 373.3973388671875 0.0
3.622312925170068 373.49786376953125 0.0
3.645532879818594 373.4983825683594 0.0
3.6687528344671203 373.3832092285156 0.0
3.6919727891156464 373.1543884277344 0.0
3.7151927437641725 303.1952819824219 0.0
3.7384126984126986 299.9972839355469 0.0
3.7616326530612243 298.7388916015625 0.0
3.7848526077097504 298.6214904785156 0.0
3.8080725623582765 298.5025329589844 0.0
3.8312925170068026 298.4218444824219 0.0
3.8545124716553287 298.0118103027344 0.0
3.877732426303855 297.3952331542969 0.0
3.900952380952381 296.98614501953125 0.0
3.924172335600907 296.3782653808594 0.0
3.947392290249433 296.09368896484375 0.0
3.9706122448979593 295.90155029296875 0.0
3.9938321995464854 295.8747863769531 0.0
4.017052154195011 296.0702819824219 0.0
4.040272108843538 296.47418212890625 0.0
4.063492063492063 301.96063232421875 0.0
4.08671201814059 299.6927490234375 0.0
4.1099319727891155 298.8348083496094 0.0
4.133151927437642 298.6208801269531 0.0
4.156371882086168 298.5067138671875 0.0
4.179591836734694 299.8784484863281 0.0
4.20281179138322 334.0302734375 0.0
4.2260317460317465 334.1776428222656 0.0
4.249251700680272 334.43670654296875 0.0
4.272471655328798 334.4524841308594 0.0
4.295691609977324 334.2755126953125 0.0
4.31891156462585 333.4671630859375 0.0
4.342131519274377 332.9771423339844 0.0
4.365351473922902 332.4605407714844 0.0
4.388571428571429 332.3341979980469 0.0
4.4117913832199545 332.3530578613281 0.0
4.435011337868481 332.33026123046875 0.0
4.458231292517007 332.423828125 0.0
4.481451247165533 332.8542175292969 0.0
4.504671201814059 333.0738830566406 0.0
4.527891156462585 333.6188659667969 0.0
4.551111111111111 334.04547119140625 0.0
4.574331065759637 334.1995544433594 0.0
4.597551020408163 334.2057800292969 0.0
4.620770975056689 334.2496643066406 0.0
4.6439909297052155 302.8650207519531 0.0
4.667210884353741 299.323486328125 0.0
4.690430839002268 298.8148498535156 0.0
4.713650793650793 298.654296875 0.0
4.73687074829932 298.5494384765625 0.0
4.760090702947846 298.4182434082031 0.0
4.783310657596372 297.808349609375 0.0
4.806530612244898 297.2700500488281 0.0
4.829750566893424 296.93756103515625 0.0
4.85297052154195 296.33111572265625 0.0
4.876190476190477 296.0058898925781 0.0
4.899410430839002 295.85723876953125 0.0
4.922630385487528 295.83050537109375 0.0
4.9458503401360545 296.169677734375 0.0
4.96907029478458 296.630859375 0.0
4.992290249433107 296.9182434082031 0.0
5.015510204081632 297.0409240722656 0.0
5.038730158730159 297.3495788574219 0.0
5.061950113378685 297.5096130371094 0.0
5.085170068027211 297.740234375 0.0
5.108390022675737 442.18463134765625 0.0
5.131609977324263 444.34149169921875 0.0
5.154829931972789 443.93768310546875 0.0
5.178049886621316 444.03021240234375 0.0
5.201269841269841 444.3252868652344 0.0
5.224489795918367 444.66815185546875 0.0
5.2477097505668935 444.8182373046875 0.0
5.270929705215419 444.7618103027344 0.0
5.294149659863946 444.689697265625 0.0
5.317369614512471 444.4773864746094 0.0
5.340589569160998 444.0037536621094 0.0
5.363809523809524 443.4536437988281 0.0
5.38702947845805 443.0339660644531 0.0
5.410249433106576 442.68505859375 0.0
5.433469387755102 442.6401062011719 0.0
5.456689342403628 442.6221008300781 0.0
5.479909297052155 442.73541259765625 0.0
5.50312925170068 442.7849426269531 0.0
5.526349206349207 442.97918701171875 0.0
5.5495691609977325 442.60614013671875 0.0
5.572789115646258 398.4639587402344 0.0
5.596009070294785 397.71783447265625 0.0
5.61922902494331 396.9500732421875 0.0
5.642448979591837 396.2408447265625 0.0
5.6656689342403626 395.5936279296875 0.0
5.688888888888889 395.0699768066406 0.0
5.712108843537415 394.923828125 0.0
5.735328798185941 395.02423095703125 0.0
5.758548752834467 395.33953857421875 0.0
5.7817687074829935 395.76287841796875 0.0
5.804988662131519 396.199951171875 0.0
5.828208616780046 396.3982849121094 0.0
5.851428571428571 396.6479187011719 0.0
5.874648526077097 396.7561950683594 0.0
5.897868480725624 396.8157653808594 0.0
5.921088435374149 396.831298828125 0.0
5.944308390022676 396.6873474121094 0.0
5.9675283446712015 396.42852783203125 0.0
5.990748299319728 396.0751953125 0.0
6.013968253968254 395.9647216796875 0.0
6.03718820861678 395.8248596191406 0.0
6.060408163265306 395.89129638671875 0.0
6.0836281179138325 396.0505065917969 0.0
6.106848072562358 396.3162536621094 0.0
6.130068027210885 396.3982238769531 0.0
6.15328798185941 396.2239990234375 0.0
6.176507936507937 395.8713073730469 0.0
6.199727891156463 395.33795166015625 0.0
6.222947845804988 395.0760803222656 0.0
6.246167800453515 394.9983825683594 0.0
6.2693877551020405 395.19635009765625 0.0
6.292607709750567 395.4075622558594 0.0
6.315827664399093 395.6215515136719 0.0
6.339047619047619 395.74200439453125 0.0
6.362267573696145 395.772216796875 0.0
6.3854875283446715 395.6585388183594 0.0
6.408707482993197 395.4034423828125 0.0
6.431927437641724 394.9718933105469 0.0
6.455147392290249 394.4944763183594 0.0
6.478367346938776 303.516845703125 0.0
6.501587301587302 301.1508483886719 0.0
6.524807256235827 298.8541564941406 0.0
6.548027210884354 298.7171630859375 0.0
6.5712471655328795 298.47564697265625 0.0
6.594467120181406 298.4670104980469 0.0
6.617687074829932 298.21881103515625 0.0
6.640907029478458 297.5262145996094 0.0
6.664126984126984 297.109375 0.0
6.6873469387755105 296.5472106933594 0.0
6.710566893424036 296.1722717285156 0.0
6.733786848072563 295.9078369140625 0.0
6.757006802721088 295.8599548339844 0.0
6.780226757369615 295.9707946777344 0.0
6.8034467120181406 296.369873046875 0.0
6.826666666666667 300.3122253417969 0.0
6.849886621315193 300.5500183105469 0.0
6.873106575963718 298.8619384765625 0.0
6.896326530612245 298.7253723144531 0.0
6.919546485260771 298.46502685546875 0.0
6.942766439909297 298.4402770996094 0.0
6.965986394557823 296.773193359375 0.0
6.989206349206349 296.7080383300781 0.0
7.012426303854875 297.3128662109375 0.0
7.035646258503402 297.7443542480469 0.0
7.058866213151927 297.79949951171875 0.0
7.082086167800454 297.6977233886719 0.0
7.1053061224489795 297.27618408203125 0.0
7.128526077097506 296.8194885253906 0.0
7.151746031746032 296.31085205078125 0.0
7.174965986394557 295.88330078125 0.0
7.198185941043084 592.1322631835938 0.0
7.22140589569161 592.3385620117188 0.0
7.244625850340136 592.107666015625 0.0
7.267845804988662 592.1156005859375 0.0
7.291065759637188 592.2264404296875 0.0
7.314285714285714 591.88037109375 0.0
7.337505668934241 591.8716430664062 0.0
7.360725623582766 591.6128540039062 0.0
7.383945578231293 591.4822387695312 0.0
7.4071655328798185 504.2830810546875 0.0
7.430385487528345 501.3857116699219 0.0
7.453605442176871 501.9583740234375 0.0
7.476825396825397 502.0509948730469 0.0
7.500045351473923 502.17669677734375 0.0
7.523265306122449 501.8987731933594 0.0
7.546485260770975 501.1291198730469 0.0
7.569705215419501 500.1998596191406 0.0
7.592925170068027 500.0478210449219 0.0
7.616145124716553 499.99609375 0.0
7.63936507936508 499.9210205078125 0.0
7.662585034013605 500.2995300292969 0.0
7.685804988662132 501.3867492675781 0.0
7.7090249433106575 502.3136291503906 0.0
7.732244897959184 502.47125244140625 0.0
7.75546485260771 502.1400146484375 0.0
7.778684807256236 501.6248779296875 0.0
7.801904761904762 501.1168212890625 0.0
7.825124716553288 500.6445007324219 0.0
7.848344671201814 500.2117614746094 0.0
7.87156462585034 398.3366394042969 0.0
7.894784580498866 398.1523132324219 0.0
7.918004535147392 397.13311767578125 0.0
7.9412244897959186 396.4930725097656 0.0
7.964444444444444 395.6986999511719 0.0
7.987664399092971 395.1808776855469 0.0
8.010884353741497 394.90301513671875 0.0
8.034104308390022 394.8620910644531 0.0
8.057324263038549 395.1578674316406 0.0
8.080544217687075 395.60345458984375 0.0
8.103764172335602 396.04998779296875 0.0
8.126984126984127 396.3421630859375 0.0
8.150204081632653 396.52215576171875 0.0
8.17342403628118 396.7449645996094 0.0
8.196643990929704 396.79534912109375 0.0
8.219863945578231 396.8623046875 0.0
8.243083900226758 396.7275390625 0.0
8.266303854875284 396.5532531738281 0.0
8.289523809523809 396.2234802246094 0.0
8.312743764172335 396.0317077636719 0.0
8.335963718820862 376.11541748046875 0.0
8.359183673469389 375.79180908203125 0.0
8.382403628117913 374.8865966796875 0.0
8.40562358276644 374.2890319824219 0.0
8.428843537414966 373.5570373535156 0.0
8.452063492063493 373.07275390625 0.0
8.475283446712018 372.7721862792969 0.0
8.498503401360544 372.6983947753906 0.0
8.52172335600907 372.9420471191406 0.0
8.544943310657596 373.2770690917969 0.0
8.568163265306122 373.6708679199219 0.0
8.591383219954649 374.075927734375 0.0
8.614603174603175 374.28497314453125 0.0
8.6378231292517 374.5066223144531 0.0
8.661043083900227 374.5773010253906 0.0
8.684263038548753 374.63568115234375 0.0
8.70748299319728 374.6617126464844 0.0
8.730702947845804 374.489013671875 0.0
8.753922902494331 374.2806701660156 0.0
8.777142857142858 374.0028076171875 0.0
8.800362811791382 338.5475769042969 0.0
8.823582766439909 335.4598388671875 0.0
8.846802721088435 335.1002197265625 0.0
8.870022675736962 334.8769226074219 0.0
8.893242630385487 334.78936767578125 0.0
8.916462585034013 334.3514404296875 0.0
8.93968253968254 333.71429443359375 0.0
8.962902494331066 333.2940368652344 0.0
8.986122448979591 332.73193359375 0.0
9.009342403628118 332.3587341308594 0.0
9.032562358276644 332.2483825683594 0.0
9.05578231292517 332.3262634277344 0.0
9.079002267573696 332.7340393066406 0.0
9.102222222222222 333.1202087402344 0.0
9.125442176870749 333.2826232910156 0.0
9.148662131519274 333.7070007324219 0.0
9.1718820861678 333.97705078125 0.0
9.195102040816327 334.1693115234375 0.0
9.218321995464853 334.2958068847656 0.0
9.241541950113378 334.468505859375 0.0
9.264761904761905 531.7451782226562 0.0
9.287981859410431 531.4609375 0.0
9.311201814058958 531.8203125 0.0
9.334421768707482 531.7509765625 0.0
9.357641723356009 531.5470581054688 0.0
9.380861678004536 530.8648681640625 0.0
9.404081632653062 529.7906494140625 0.0
9.427301587301587 529.5697021484375 0.0
9.450521541950113 529.4497680664062 0.0
9.47374149659864 529.390380859375 0.0
9.496961451247165 529.8570556640625 0.0
9.520181405895691 531.0325927734375 0.0
9.543401360544218 531.8904418945312 0.0
9.566621315192744 531.8643798828125 0.0
9.58984126984127 531.528076171875 0.0
9.613061224489796 531.4078369140625 0.0
9.636281179138322 531.8729248046875 0.0
9.659501133786849 532.0548706054688 0.0
9.682721088435374 531.9114990234375 0.0
9.7059410430839 531.5278930664062 0.0
9.729160997732427 507.1829528808594 0.0
9.752380952380953 503.830078125 0.0
9.775600907029478 503.3400573730469 0.0
9.798820861678005 502.8726501464844 0.0
9.822040816326531 502.4195251464844 0.0
9.845260770975056 501.947265625 0.0
9.868480725623582 501.002197265625 0.0
9.891700680272109 500.1750793457031 0.0
9.914920634920636 500.1673278808594 0.0
9.93814058956916 500.1813049316406 0.0
9.961360544217687 500.15283203125 0.0
9.984580498866213 500.9451904296875 0.0
10.00780045351474 502.13616943359375 0.0
10.031020408163265 502.6123962402344 0.0
10.054240362811791 502.2966613769531 0.0
10.077460317460318 501.9103088378906 0.0
10.100680272108843 501.36712646484375 0.0
10.12390022675737 500.82977294921875 0.0
10.147120181405896 500.41015625 0.0
10.170340136054422 401.9830627441406 0.0
10.193560090702947 398.39404296875 0.0
10.216780045351474 397.4615173339844 0.0
10.24 396.7660827636719 0.0
10.263219954648527 395.9736328125 0.0
10.286439909297052 395.392578125 0.0
10.309659863945578 394.93853759765625 0.0
10.332879818594105 394.8141174316406 0.0
10.356099773242631 395.0419921875 0.0
10.379319727891156 395.4383850097656 0.0
10.402539682539683 395.85748291015625 0.0
10.425759637188209 396.255615234375 0.0
10.448979591836734 396.4400634765625 0.0
10.47219954648526 396.7024230957031 0.0
10.495419501133787 396.767578125 0.0
10.518639455782314 396.8262023925781 0.0
10.541859410430838 396.7771301269531 0.0
10.565079365079365 396.6485900878906 0.0
10.588299319727891 396.3717956542969 0.0
10.611519274376418 396.0330505371094 0.0
10.634739229024943 439.21044921875 0.0
10.65795918367347 444.15875244140625 0.0
10.681179138321996 444.1419372558594 0.0
10.704399092970522 444.02301025390625 0.0
10.727619047619047 444.1033630371094 0.0
10.750839002267574 444.5486145019531 0.0
10.7740589569161 444.838623046875 0.0
10.797278911564625 444.85040283203125 0.0
10.820498866213152 444.7389831542969 0.0
10.843718820861678 444.6150207519531 0.0
10.866938775510205 444.2309265136719 0.0
10.89015873015873 443.7676696777344 0.0
10.913378684807256 443.3259582519531 0.0
10.936598639455783 442.821533203125 0.0
10.95981859410431 442.68536376953125 0.0
10.983038548752834 442.64373779296875 0.0
11.00625850340136 442.7131042480469 0.0
11.029478458049887 442.72265625 0.0
11.052698412698414 442.8672180175781 0.0
11.075918367346938 443.0462341308594 0.0
11.099138321995465 399.2541809082031 0.0
11.122358276643991 398.2725830078125 0.0
11.145578231292516 397.27203369140625 0.0
11.168798185941043 396.671875 0.0
11.19201814058957 395.8764343261719 0.0
11.215238095238096 395.324462890625 0.0
11.23845804988662 394.9599304199219 0.0
11.261678004535147 394.9064636230469 0.0
11.284897959183674 395.13885498046875 0.0
11.3081179138322 395.5792236328125 0.0
11.331337868480725 396.0139465332031 0.0
11.354557823129252 396.3197326660156 0.0
11.377777777777778 396.5077209472656 0.0
11.400997732426303 396.74871826171875 0.0
11.42421768707483 396.7978820800781 0.0
11.447437641723356 396.8821105957031 0.0
11.470657596371883 396.74676513671875 0.0
11.493877551020407 396.5712890625 0.0
11.517097505668934 396.27581787109375 0.0
11.54031746031746 396.03289794921875 0.0
11.563537414965987 395.8406066894531 0.0
11.586757369614512 395.8026428222656 0.0
11.609977324263038 395.98065185546875 0.0
11.633197278911565 396.1772766113281 0.0
11.656417233560092 396.3913879394531 0.0
11.679637188208616 396.3368225097656 0.0
11.702857142857143 396.0505065917969 0.0
11.72607709750567 395.6572265625 0.0
11.749297052154194 395.1857604980469 0.0
11.77251700680272 394.9861755371094 0.0
11.795736961451247 395.0462951660156 0.0
11.818956916099774 395.3401184082031 0.0
11.842176870748299 395.50885009765625 0.0
11.865396825396825 395.6864318847656 0.0
11.888616780045352 395.7757263183594 0.0
11.911836734693878 395.72357177734375 0.0
11.935056689342403 395.56109619140625 0.0
11.95827664399093 395.2164001464844 0.0
11.981496598639456 394.7259826660156 0.0
12.004716553287983 394.288330078125 0.0
12.027936507936507 393.94561767578125 0.0
12.051156462585034 393.7953186035156 0.0
12.07437641723356 393.7234802246094 0.0
12.097596371882085 0.0 0.0
12.120816326530612 0.0 0.0
12.144036281179138 0.0 0.0
12.167256235827665 0.0 0.0
12.19047619047619 0.0 0.0
12.213696145124716 0.0 0.0
12.236916099773243 0.0 0.0
12.26013605442177 0.0 0.0
12.283356009070294 0.0 0.0
12.30657596371882 0.0 0.0
12.329795918367347 0.0 0.0
12.353015873015874 0.0 0.0
12.376235827664399 0.0 0.0
12.399455782312925 0.0 0.0
12.422675736961452 0.0 0.0
12.445895691609977 0.0 0.0
12.469115646258503 0.0 0.0
12.49233560090703 0.0 0.0
12.515555555555556 0.0 0.0
12.538775510204081 0.0 0.0
12.561995464852608 0.0 0.0
12.585215419501134 0.0 0.0
12.60843537414966 0.0 0.0
12.631655328798185 0.0 0.0
12.654875283446712 0.0 0.0
12.678095238095239 0.0 0.0
12.701315192743763 0.0 0.0
12.72453514739229 0.0 0.0
12.747755102040816 0.0 0.0
12.770975056689343 0.0 0.0
12.794195011337868 0.0 0.0
12.817414965986394 0.0 0.0
12.84063492063492 0.0 0.0
12.863854875283447 0.0 0.0
12.887074829931972 0.0 0.0
12.910294784580499 0.0 0.0
12.933514739229025 0.0 0.0
12.956734693877552 0.0 0.0
12.979954648526077 0.0 0.0
13.003174603174603 0.0 0.0
13.02639455782313 0.0 0.0
13.049614512471654 0.0 0.0
13.072834467120181 0.0 0.0
13.096054421768708 0.0 0.0
13.119274376417234 0.0 0.0
13.142494331065759 0.0 0.0
13.165714285714285 0.0 0.0
13.188934240362812 0.0 0.0
13.212154195011339 0.0 0.0
13.235374149659863 0.0 0.0
13.25859410430839 0.0 0.0
13.281814058956916 0.0 0.0
13.305034013605443 0.0 0.0
13.328253968253968 0.0 0.0
13.351473922902494 0.0 0.0
13.374693877551021 0.0 0.0
13.397913832199546 0.0 0.0
13.421133786848072 0.0 0.0