0.0 0.0 0.0
0.023219954648526078 0.0 0.0
0.046439909297052155 0.0 0.0
0.06965986394557823 0.0 0.0
0.09287981859410431 0.0 0.0
0.11609977324263039 0.0 0.0
0.13931972789115646 0.0 0.0
0.16253968253968254 0.0 0.0
0.18575963718820862 0.0 0.0
0.2089795918367347 0.0 0.0
0.23219954648526078 0.0 0.0
0.25541950113378686 0.0 0.0
0.2786394557823129 0.0 0.0
0.301859410430839 0.0 0.0
0.3250793650793651 0.0 0.0
0.34829931972789113 0.0 0.0
0.37151927437641724 0.0 0.0
0.3947392290249433 0.0 0.0
0.4179591836734694 0.0 0.0
0.44117913832199546 0.0 0.0
0.46439909297052157 0.0 0.0
0.4876190476190476 0.0 0.0
0.5108390022675737 0.0 0.0
0.5340589569160997 0.0 0.0
0.5572789115646258 0.0 0.0
0.5804988662131519 0.0 0.0
0.603718820861678 0.0 0.0
0.626938775510204 0.0 0.0
0.6501587301587302 0.0 0.0
0.6733786848072563 0.0 0.0
0.6965986394557823 0.0 0.0
0.7198185941043084 0.0 0.0
0.7430385487528345 0.0 0.0
0.7662585034013606 0.0 0.0
0.7894784580498866 0.0 0.0
0.8126984126984127 0.0 0.0
0.8359183673469388 0.0 0.0
0.8591383219954648 0.0 0.0
0.8823582766439909 0.0 0.0
0.905578231292517 0.0 0.0
0.9287981859410431 0.0 0.0
0.9520181405895691 0.0 0.0
0.9752380952380952 0.0 0.0
0.9984580498866213 0.0 0.0
1.0216780045351475 0.0 0.0
1.0448979591836736 0.0 0.0
1.0681179138321995 0.0 0.0
1.0913378684807256 0.0 0.0
1.1145578231292517 0.0 0.0
1.1377777777777778 0.0 0.0
1.1609977324263039 3275.4296875 0.4027232527732849
1.18421768707483 3411.962158203125 0.3599089980125427
1.207437641723356 0.0 0.3542793393135071
1.230657596371882 0.0 0.266978919506073
1.253877551020408 0.0 0.0
1.2770975056689342 0.0 0.0
1.3003174603174603 0.0 0.0
1.3235374149659864 0.0 0.0
1.3467573696145125 0.0 0.0
1.3699773242630386 0.0 0.0
1.3931972789115645 0.0 0.44769930839538574
1.4164172335600906 0.0 0.0
1.4396371882086167 0.0 0.0
1.4628571428571429 0.0 0.0
1.486077097505669 0.0 0.0
1.509297052154195 0.0 0.0
1.5325170068027212 0.0 0.0
1.555736961451247 0.0 0.0
1.5789569160997732 0.0 0.0
1.6021768707482993 0.0 0.0
1.6253968253968254 0.0 0.0
1.6486167800453515 0.0 0.0
1.6718367346938776 0.0 0.0
1.6950566893424037 0.0 0.0
1.7182766439909296 0.0 0.21856290102005005
1.7414965986394557 0.0 0.22193676233291626
1.7647165532879818 0.0 0.0
1.787936507936508 0.0 0.0
1.811156462585034 0.0 0.0
1.8343764172335602 0.0 0.0
1.8575963718820863 0.0 0.0
1.8808163265306121 0.0 0.0
1.9040362811791383 0.0 0.0
1.9272562358276644 0.0 0.0
1.9504761904761905 0.0 0.28669947385787964
1.9736961451247166 0.0 0.0
1.9969160997732427 0.0 0.20256400108337402
2.020136054421769 0.0 0.0
2.043356009070295 0.0 0.0
2.066575963718821 0.0 0.0
2.089795918367347 0.0 0.0
2.1130158730158732 0.0 0.0
2.136235827664399 0.0 0.0
2.159455782312925 0.0 0.0
2.182675736961451 0.0 0.0
2.2058956916099772 0.0 0.36344707012176514
2.2291156462585033 0.0 0.4498686194419861
2.2523356009070294 0.0 0.0
2.2755555555555556 0.0 0.504709005355835
2.2987755102040817 0.0 0.38101792335510254
2.3219954648526078 0.0 0.0
2.345215419501134 0.0 0.0
2.36843537414966 0.0 0.0
2.391655328798186 0.0 0.0
2.414875283446712 0.0 0.0
2.4380952380952383 0.0 0.0
2.461315192743764 0.0 0.0
2.48453514739229 0.0 0.0
2.507755102040816 0.0 0.0
2.5309750566893423 0.0 0.0
2.5541950113378684 0.0 0.0
2.5774149659863945 0.0 0.0
2.6006349206349206 0.0 0.0
2.6238548752834467 0.0 0.0
2.647074829931973 0.0 0.0
2.670294784580499 0.0 0.0
2.693514739229025 0.0 0.0
2.716734693877551 0.0 0.0
2.7399546485260773 0.0 0.0
2.7631746031746034 0.0 0.0
2.786394557823129 0.0 0.0
2.809614512471655 0.0 0.0
2.8328344671201813 0.0 0.4850638508796692
2.8560544217687074 0.0 -0.27746784687042236
2.8792743764172335 0.0 -0.34695327281951904
2.9024943310657596 0.0 -0.4277390241622925
2.9257142857142857 0.0 0.0
2.948934240362812 0.0 0.0
2.972154195011338 0.0 0.0
2.995374149659864 0.0 0.0
3.01859410430839 0.0 0.0
3.0418140589569163 0.0 0.0
3.0650340136054424 0.0 0.0
3.0882539682539685 0.0 0.0
3.111473922902494 0.0 0.0
3.1346938775510202 0.0 0.0
3.1579138321995464 0.0 0.0
3.1811337868480725 0.0 0.0
3.2043537414965986 0.0 0.0
3.2275736961451247 0.0 0.0
3.250793650793651 0.0 0.0
3.274013605442177 0.0 0.0
3.297233560090703 0.0 0.0
3.320453514739229 0.0 0.0
3.3436734693877552 0.0 0.0
3.3668934240362813 0.0 0.0
3.3901133786848074 0.0 0.0
3.4133333333333336 0.0 0.0
3.436553287981859 0.0 0.0
3.4597732426303853 0.0 0.0
3.4829931972789114 0.0 0.0
3.5062131519274375 0.0 0.0
3.5294331065759637 0.0 0.0
3.5526530612244898 0.0 0.0
3.575873015873016 0.0 0.0
3.599092970521542 0.0 0.0
3.622312925170068 0.0 0.0
3.645532879818594 0.0 0.0
3.6687528344671203 0.0 0.0
3.6919727891156464 0.0 0.0
3.7151927437641725 0.0 0.0
3.7384126984126986 0.0 0.0
3.7616326530612243 0.0 0.0
3.7848526077097504 0.0 0.0
3.8080725623582765 0.0 0.0
3.8312925170068026 0.0 0.0
3.8545124716553287 0.0 0.0
3.877732426303855 0.0 0.0
3.900952380952381 0.0 0.0
3.924172335600907 0.0 0.0
3.947392290249433 0.0 0.0
3.9706122448979593 0.0 0.0
3.9938321995464854 0.0 0.0
4.017052154195011 0.0 0.0
4.040272108843538 0.0 0.0
4.063492063492063 0.0 0.0
4.08671201814059 0.0 0.0
4.1099319727891155 0.0 0.0
4.133151927437642 0.0 0.0
4.156371882086168 0.0 0.0
4.179591836734694 0.0 0.0
4.20281179138322 0.0 0.0
4.2260317460317465 0.0 0.0
4.249251700680272 303.5921936035156 0.0
4.272471655328798 227.8392791748047 0.0
4.295691609977324 225.23187255859375 0.0
4.31891156462585 213.9849090576172 0.0
4.342131519274377 214.3706817626953 0.0
4.365351473922902 235.4727020263672 0.0
4.388571428571429 256.8803405761719 0.0
4.4117913832199545 265.8148193359375 0.0
4.435011337868481 270.30657958984375 0.0
4.458231292517007 274.14013671875 0.0
4.481451247165533 278.8713073730469 0.0
4.504671201814059 282.83148193359375 0.0
4.527891156462585 285.8447570800781 0.0
4.551111111111111 287.840087890625 0.0
4.574331065759637 290.30657958984375 0.0
4.597551020408163 292.3349609375 0.0
4.620770975056689 293.33489990234375 0.0
4.6439909297052155 295.025634765625 0.0
4.667210884353741 293.3708801269531 0.0
4.690430839002268 0.0 0.0
4.713650793650793 0.0 0.0
4.73687074829932 0.0 0.0
4.760090702947846 0.0 0.0
4.783310657596372 300.9721984863281 0.0
4.806530612244898 0.0 0.0
4.829750566893424 285.2200012207031 0.0
4.85297052154195 285.095703125 0.0
4.876190476190477 284.2685241699219 0.0
4.899410430839002 283.6214294433594 0.0
4.922630385487528 281.685546875 0.0
4.9458503401360545 280.7309265136719 0.0
4.96907029478458 279.8394775390625 0.0
4.992290249433107 278.570068359375 0.0
5.015510204081632 279.3392639160156 0.0
5.038730158730159 282.1211853027344 0.0
5.061950113378685 283.92706298828125 0.0
5.085170068027211 286.4895935058594 0.0
5.108390022675737 288.7669372558594 0.0
5.131609977324263 283.8059387207031 0.0
5.154829931972789 0.0 0.0
5.178049886621316 318.2693176269531 0.0
5.201269841269841 176.75027465820312 0.0
5.224489795918367 7017.6064453125 0.4386575222015381
5.2477097505668935 6731.06982421875 0.4584287405014038
5.270929705215419 352.3147888183594 -0.6059192419052124
5.294149659863946 355.301025390625 -0.7165489196777344
5.317369614512471 354.53155517578125 -0.8711940050125122
5.340589569160998 353.4073181152344 -0.9081076383590698
5.363809523809524 354.25384521484375 -0.9444737434387207
5.38702947845805 356.0396728515625 -0.9222488403320312
5.410249433106576 359.0255126953125 -0.8964306116104126
5.433469387755102 362.6616516113281 -0.8716882467269897
5.456689342403628 365.3302001953125 -0.9229574203491211
5.479909297052155 368.5848388671875 -0.9326468706130981
5.50312925170068 372.29083251953125 -0.9198129177093506
5.526349206349207 373.26483154296875 -0.9492237567901611
5.5495691609977325 375.3291320800781 -0.9842473268508911
5.572789115646258 379.0801696777344 -1.0466959476470947
5.596009070294785 381.47760009765625 -1.0861635208129883
5.61922902494331 381.7605895996094 -1.0581169128417969
5.642448979591837 379.5479431152344 -1.0504920482635498
5.6656689342403626 369.6096496582031 -0.8555883169174194
5.688888888888889 362.106689453125 -0.8988939523696899
5.712108843537415 366.4293212890625 -0.8624449968338013
5.735328798185941 368.9015197753906 -0.8839321136474609
5.758548752834467 372.2807922363281 -0.9049359560012817
5.7817687074829935 373.16790771484375 -0.9454909563064575
5.804988662131519 373.5523986816406 -0.8926951885223389
5.828208616780046 374.9998474121094 -0.8463104963302612
5.851428571428571 374.13641357421875 -0.8546442985534668
5.874648526077097 373.2962646484375 -0.8892253637313843
5.897868480725624 374.1452331542969 -0.9105185270309448
5.921088435374149 372.64630126953125 -0.9269530773162842
5.944308390022676 370.9826354980469 -0.8879296779632568
5.9675283446712015 369.24139404296875 -0.9451574087142944
5.990748299319728 368.5044250488281 -1.0425446033477783
6.013968253968254 368.9232482910156 -1.0343618392944336
6.03718820861678 368.47589111328125 -1.0713763236999512
6.060408163265306 365.5098876953125 -1.1201088428497314
6.0836281179138325 366.017822265625 -1.2084684371948242
6.106848072562358 370.0231628417969 -1.1835906505584717
6.130068027210885 372.8570251464844 -1.1459097862243652
6.15328798185941 371.8611755371094 -1.0976932048797607
6.176507936507937 371.8825988769531 -1.1894981861114502
6.199727891156463 376.8331298828125 -1.15195631980896
6.222947845804988 377.7732238769531 -1.1775410175323486
6.246167800453515 373.9853820800781 -1.2368943691253662
6.2693877551020405 370.5714416503906 -1.1708886623382568
6.292607709750567 380.2274475097656 -1.3414673805236816
6.315827664399093 392.9672546386719 -1.377349615097046
6.339047619047619 387.18768310546875 -1.377340316772461
6.362267573696145 374.6483154296875 -0.8835798501968384
6.3854875283446715 0.0 -0.4800461530685425
6.408707482993197 0.0 -0.24870848655700684
6.431927437641724 0.0 -0.311084508895874
6.455147392290249 397.8512268066406 -1.0608792304992676
6.478367346938776 395.8551025390625 -1.226475477218628
6.501587301587302 370.57415771484375 -1.0046401023864746
6.524807256235827 329.64422607421875 -0.859337568283081
6.548027210884354 996.0540161132812 -0.8477983474731445
6.5712471655328795 985.9808349609375 -0.8035397529602051
6.594467120181406 112.24392700195312 -0.882792592048645
6.617687074829932 260.24725341796875 -0.9670977592468262
6.640907029478458 263.6778564453125 -1.095198631286621
6.664126984126984 258.4479064941406 -1.1848032474517822
6.6873469387755105 260.3797302246094 -1.2088229656219482
6.710566893424036 261.005859375 -1.2310163974761963
6.733786848072563 260.3293151855469 -1.2361602783203125
6.757006802721088 260.65155029296875 -1.2386362552642822
6.780226757369615 261.1542053222656 -1.216557264328003
6.8034467120181406 264.4404602050781 -1.213507890701294
6.826666666666667 268.65289306640625 -1.168658971786499
6.849886621315193 267.3456115722656 -1.1763944625854492
6.873106575963718 267.7915954589844 -1.2830710411071777
6.896326530612245 265.8454895019531 -0.7198770046234131
6.919546485260771 302.2500915527344 -0.913429856300354
6.942766439909297 305.2103271484375 -0.9086918830871582
6.965986394557823 309.35504150390625 -0.9415189027786255
6.989206349206349 304.71710205078125 -1.0170066356658936
7.012426303854875 306.86163330078125 -0.26881158351898193
7.035646258503402 371.1326599121094 0.05003559589385986
7.058866213151927 1501.7779541015625 0.2548553943634033
7.082086167800454 361.6753234863281 -0.8385094404220581
7.1053061224489795 349.1370849609375 -0.8846087455749512
7.128526077097506 347.4754943847656 -0.8872905969619751
7.151746031746032 344.9940185546875 -0.8321331739425659
7.174965986394557 343.2920837402344 -0.8728398084640503
7.198185941043084 340.5751037597656 -0.8968218564987183
7.22140589569161 337.1954040527344 -0.901300311088562
7.244625850340136 335.54498291015625 -0.9276587963104248
7.267845804988662 334.0766296386719 -0.9354465007781982
7.291065759637188 333.79241943359375 -0.9784538745880127
7.314285714285714 333.8807067871094 -0.9612959623336792
7.337505668934241 333.8600769042969 -0.9352250099182129
7.360725623582766 332.927001953125 -1.035435438156128
7.383945578231293 327.39117431640625 -1.2015314102172852
7.4071655328798185 0.0 -1.0230748653411865
7.430385487528345 0.0 -0.9894975423812866
7.453605442176871 0.0 -0.829878568649292
7.476825396825397 0.0 -0.16112864017486572
7.500045351473923 243.02650451660156 -0.17893946170806885
7.523265306122449 310.446044921875 -1.0102646350860596
7.546485260770975 306.1546325683594 -1.0215768814086914
7.569705215419501 301.15069580078125 -0.9501928091049194
7.592925170068027 299.79931640625 -0.9087561368942261
7.616145124716553 298.39971923828125 -0.8505953550338745
7.63936507936508 296.6120300292969 -0.8800513744354248
7.662585034013605 295.6339416503906 -0.9012523889541626
7.685804988662132 296.7539367675781 -0.9106073379516602
7.7090249433106575 297.0041198730469 -0.948366641998291
7.732244897959184 297.1126403808594 -0.9522472620010376
7.75546485260771 296.75628662109375 -0.9949615001678467
7.778684807256236 296.315185546875 -0.9263489246368408
7.801904761904762 295.5505065917969 -0.9863791465759277
7.825124716553288 296.866455078125 -0.9585895538330078
7.848344671201814 300.60125732421875 -0.8402737379074097
7.87156462585034 306.262451171875 -1.0102729797363281
7.894784580498866 0.0 -1.1505417823791504
7.918004535147392 303.30865478515625 -0.9553917646408081
7.9412244897959186 9277.1982421875 0.2629472017288208
7.964444444444444 7156.0966796875 0.6184712052345276
7.987664399092971 6657.5986328125 0.5305900573730469
8.010884353741497 412.56231689453125 -0.7293663024902344
8.034104308390022 401.0747375488281 -0.9623966217041016
8.057324263038549 401.1244201660156 -0.9478104114532471
8.080544217687075 401.4637451171875 -0.9521517753601074
8.103764172335602 399.5092468261719 -0.951528787612915
8.126984126984127 400.73736572265625 -0.9680709838867188
8.150204081632653 406.9249572753906 -0.9256352186203003
8.17342403628118 413.5032653808594 -0.9014238119125366
8.196643990929704 416.4787902832031 -0.8691867589950562
8.219863945578231 419.8520812988281 -0.9029518365859985
8.243083900226758 424.1397705078125 -1.0346648693084717
8.266303854875284 428.2728271484375 -1.112205982208252
8.289523809523809 433.7068786621094 -1.2181248664855957
8.312743764172335 438.45391845703125 -1.2517509460449219
8.335963718820862 442.6392822265625 -1.2600233554840088
8.359183673469389 441.0525207519531 -1.1575539112091064
8.382403628117913 438.49407958984375 -1.2243480682373047
8.40562358276644 429.47930908203125 -1.1508369445800781
8.428843537414966 419.9710388183594 -1.0302457809448242
8.452063492063493 416.1318359375 -1.0225796699523926
8.475283446712018 410.67987060546875 -1.006742238998413
8.498503401360544 412.2816162109375 -0.9982427358627319
8.52172335600907 412.18194580078125 -0.9184039831161499
8.544943310657596 411.214599609375 -1.0065808296203613
8.568163265306122 408.27484130859375 -1.035210132598877
8.591383219954649 405.55242919921875 -1.0317103862762451
8.614603174603175 405.6969909667969 -1.0302529335021973
8.6378231292517 404.98077392578125 -1.0726709365844727
8.661043083900227 404.0642395019531 -1.0086426734924316
8.684263038548753 403.3973083496094 -1.1006593704223633
8.70748299319728 401.6365661621094 -1.1520187854766846
8.730702947845804 396.9148254394531 -1.1449406147003174
8.753922902494331 390.6637878417969 -1.2657361030578613
8.777142857142858 389.79559326171875 -1.2223553657531738
8.800362811791382 390.7346496582031 -1.2307946681976318
8.823582766439909 396.41015625 -1.2764232158660889
8.846802721088435 404.05926513671875 -1.258948802947998
8.870022675736962 417.8152770996094 -1.3323347568511963
8.893242630385487 411.9688415527344 -1.2273247241973877
8.916462585034013 0.0 -1.0245387554168701
8.93968253968254 0.0 -1.0779452323913574
8.962902494331066 0.0 0.2095203995704651
8.986122448979591 1626.8162841796875 0.3541550040245056
9.009342403628118 0.0 0.0
9.032562358276644 753.7835083007812 0.0
9.05578231292517 2004.0096435546875 0.27224022150039673
9.079002267573696 1940.8582763671875 0.2766926884651184
9.102222222222222 1967.214111328125 0.3551531434059143
9.125442176870749 737.0748291015625 0.16449731588363647
9.148662131519274 0.0 0.38992613554000854
9.1718820861678 0.0 0.35606682300567627
9.195102040816327 0.0 0.15250247716903687
9.218321995464853 0.0 0.1727144718170166
9.241541950113378 0.0 0.0
9.264761904761905 0.0 0.0
9.287981859410431 0.0 0.0
9.311201814058958 0.0 0.0
9.334421768707482 331.6837463378906 0.0
9.357641723356009 668.0989990234375 0.0
9.380861678004536 977.6637573242188 0.0
9.404081632653062 245.12954711914062 0.0
9.427301587301587 236.64491271972656 0.0
9.450521541950113 240.64993286132812 0.0
9.47374149659864 244.25949096679688 0.0
9.496961451247165 246.10166931152344 0.0
9.520181405895691 249.12567138671875 0.0
9.543401360544218 251.09678649902344 0.0
9.566621315192744 252.0755157470703 0.0
9.58984126984127 250.97254943847656 0.0
9.613061224489796 248.98391723632812 0.0
9.636281179138322 247.97779846191406 0.0
9.659501133786849 250.1209716796875 0.0
9.682721088435374 1902.22021484375 0.48769503831863403
9.7059410430839 282.21966552734375 -1.0593316555023193
9.729160997732427 282.58892822265625 -1.0184760093688965
9.752380952380953 288.3063659667969 -0.9487212896347046
9.775600907029478 281.87896728515625 -1.153491497039795
9.798820861678005 280.5326232910156 -0.2019062042236328
9.822040816326531 417.97003173828125 -0.9016557931900024
9.845260770975056 417.59442138671875 -0.9199942350387573
9.868480725623582 440.18695068359375 -1.0438880920410156
9.891700680272109 454.00811767578125 -0.8661932945251465
9.914920634920636 460.7253723144531 -0.9536900520324707
9.93814058956916 461.052734375 -1.014021873474121
9.961360544217687 463.47052001953125 -0.9660407304763794
9.984580498866213 465.802490234375 -0.9244778156280518
10.00780045351474 467.32135009765625 -0.9583467245101929
10.031020408163265 471.9183654785156 -0.9700292348861694
10.054240362811791 476.7254333496094 -0.9986281394958496
10.077460317460318 491.3622741699219 -1.1971416473388672
10.100680272108843 488.749755859375 -1.332637071609497
10.12390022675737 478.7203674316406 -1.302239179611206
10.147120181405896 0.0 -1.287895917892456
10.170340136054422 0.0 -1.2236990928649902
10.193560090702947 0.0 -1.4467194080352783
10.216780045351474 0.0 -0.674139142036438
10.24 725.2141723632812 -0.018058061599731445
10.263219954648527 376.46063232421875 -0.7238534688949585
10.286439909297052 363.5865783691406 -0.9885740280151367
10.309659863945578 359.8117980957031 -1.0201375484466553
10.332879818594105 360.9983825683594 -1.0120422840118408
10.356099773242631 363.15972900390625 -1.0328502655029297
10.379319727891156 366.471435546875 -1.050353765487671
10.402539682539683 369.4764709472656 -1.0475072860717773
10.425759637188209 372.2820129394531 -1.0365159511566162
10.448979591836734 376.296875 -1.0821483135223389
10.47219954648526 379.9652099609375 -1.138843059539795
10.495419501133787 383.8144226074219 -1.115987777709961
10.518639455782314 385.19573974609375 -1.1052639484405518
10.541859410430838 386.7351379394531 -1.087916612625122
10.565079365079365 385.5320739746094 -1.070920705795288
10.588299319727891 373.06744384765625 -0.8397181034088135
10.611519274376418 2785.168701171875 0.4155932068824768
10.634739229024943 2971.668701171875 0.4820973873138428
10.65795918367347 2790.0126953125 0.26213574409484863
10.681179138321996 2486.87451171875 0.21828031539916992
10.704399092970522 296.21148681640625 0.006069064140319824
10.727619047619047 316.71795654296875 -0.7967219352722168
10.750839002267574 322.181640625 -1.0928072929382324
10.7740589569161 327.4923400878906 -1.0869719982147217
10.797278911564625 328.1785888671875 -1.0909223556518555
10.820498866213152 326.2445373535156 -1.1426010131835938
10.843718820861678 323.62646484375 -1.1369690895080566
10.866938775510205 322.4210205078125 -1.1404485702514648
10.89015873015873 323.8344421386719 -1.200491189956665
10.913378684807256 325.3211975097656 -1.2509825229644775
10.936598639455783 328.53643798828125 -1.3439218997955322
10.95981859410431 322.4281921386719 -1.4429559707641602
10.983038548752834 324.2900695800781 -1.1727232933044434
11.00625850340136 331.08514404296875 -0.4723837375640869
11.029478458049887 351.79949951171875 -0.2648881673812866
11.052698412698414 352.0184020996094 -0.8737906217575073
11.075918367346938 347.2158203125 -0.5338246822357178
11.099138321995465 344.978271484375 -0.26279425621032715
11.122358276643991 344.52008056640625 -0.5134199857711792
11.145578231292516 333.5401611328125 -1.1253662109375
11.168798185941043 363.84906005859375 -0.20542478561401367
11.19201814058957 0.0 0.0
11.215238095238096 344.3473205566406 0.0
11.23845804988662 341.8963317871094 0.0
11.261678004535147 336.4825744628906 0.0
11.284897959183674 335.43438720703125 0.0
11.3081179138322 337.5435485839844 0.0
11.331337868480725 342.6822509765625 0.0
11.354557823129252 349.3378601074219 0.0
11.377777777777778 352.8289794921875 0.0
11.400997732426303 354.9359436035156 0.0
11.42421768707483 358.0882568359375 0.0
11.447437641723356 362.1546325683594 0.0
11.470657596371883 362.2179870605469 0.0
11.493877551020407 357.71478271484375 0.0
11.517097505668934 0.0 0.0
11.54031746031746 0.0 0.0
11.563537414965987 0.0 0.0
11.586757369614512 0.0 0.0
11.609977324263038 0.0 0.0
11.633197278911565 0.0 0.638750433921814
11.656417233560092 1860.205810546875 0.33163338899612427
11.679637188208616 335.2520446777344 -0.7903889417648315
11.702857142857143 325.50787353515625 -0.9977076053619385
11.72607709750567 320.5649108886719 -1.15484619140625
11.749297052154194 318.8970031738281 -1.2007782459259033
11.77251700680272 320.7240905761719 -1.141408920288086
11.795736961451247 323.41143798828125 -1.127687931060791
11.818956916099774 323.5810546875 -1.187532901763916
11.842176870748299 324.3094177246094 -1.1779248714447021
11.865396825396825 324.5007629394531 -1.1908783912658691
11.888616780045352 322.4197692871094 -1.2077064514160156
11.911836734693878 320.0793762207031 -1.1599781513214111
11.935056689342403 319.7377014160156 -1.108034610748291
11.95827664399093 323.2329406738281 -1.0815258026123047
11.981496598639456 324.3683776855469 -1.1622939109802246
12.004716553287983 315.5137023925781 -0.9004706144332886
12.027936507936507 2670.407470703125 0.31292951107025146
12.051156462585034 2537.78173828125 0.2947103977203369
12.07437641723356 177.55104064941406 0.1342182755470276
12.097596371882085 414.6887512207031 -0.5883724689483643
12.120816326530612 430.3418273925781 -0.6242889165878296
12.144036281179138 444.7746887207031 -0.8131670951843262
12.167256235827665 451.1579284667969 -0.8574144840240479
12.19047619047619 459.1052551269531 -0.7967008352279663
12.213696145124716 466.2807922363281 -0.9690241813659668
12.236916099773243 470.04608154296875 -1.0016038417816162
12.26013605442177 475.5517578125 -1.078418493270874
12.283356009070294 479.1484680175781 -1.1747715473175049
12.30657596371882 483.1332702636719 -1.2379531860351562
12.329795918367347 480.7738342285156 -1.297961711883545
12.353015873015874 480.8033142089844 -1.0871825218200684
12.376235827664399 518.7522583007812 0.039145052433013916
12.399455782312925 580.353759765625 -0.05869925022125244
12.422675736961452 501.4021301269531 -1.5023102760314941
12.445895691609977 495.52880859375 -1.3153107166290283
12.469115646258503 494.95172119140625 -1.389890193939209
12.49233560090703 490.4779052734375 -1.4987907409667969
12.515555555555556 475.8744812011719 -1.5508482456207275
12.538775510204081 493.02557373046875 -0.6966650485992432
12.561995464852608 242.79991149902344 0.15988749265670776
12.585215419501134 499.1881103515625 -1.3095688819885254
12.60843537414966 478.0068054199219 -1.1882481575012207
12.631655328798185 471.6222229003906 -1.1365292072296143
12.654875283446712 470.0888977050781 -1.0577049255371094
12.678095238095239 468.0196838378906 -0.8498204946517944
12.701315192743763 464.04052734375 -0.7270499467849731
12.72453514739229 462.75958251953125 -0.9177625179290771
12.747755102040816 464.6741638183594 -0.8706458806991577
12.770975056689343 466.5887145996094 -1.02500581741333
12.794195011337868 470.5658264160156 -1.0422379970550537
12.817414965986394 477.38311767578125 -0.970689058303833
12.84063492063492 487.1236572265625 -1.1099438667297363
12.863854875283447 477.95367431640625 -1.278796911239624
12.887074829931972 0.0 -0.9860446453094482
12.910294784580499 0.0 -0.8396333456039429
12.933514739229025 0.0 -0.9977511167526245
12.956734693877552 0.0 -0.49862802028656006
12.979954648526077 0.0 -0.3489570617675781
13.003174603174603 0.0 0.0
13.02639455782313 190.8052978515625 0.0
13.049614512471654 369.3739318847656 0.0
13.072834467120181 360.6946716308594 0.0
13.096054421768708 359.30926513671875 0.0
13.119274376417234 361.3955078125 0.0
13.142494331065759 364.011474609375 0.0
13.165714285714285 368.5255432128906 0.0
13.188934240362812 371.4708251953125 0.0
13.212154195011339 375.66680908203125 0.0
13.235374149659863 377.91900634765625 0.0
13.25859410430839 378.34088134765625 0.0
13.281814058956916 378.578125 0.0
13.305034013605443 379.43505859375 0.0
13.328253968253968 379.2101135253906 0.0
13.351473922902494 377.4389343261719 0.0
13.374693877551021 372.21160888671875 0.0
13.397913832199546 379.18499755859375 0.0
13.421133786848072 402.4363098144531 0.0
13.444353741496599 0.0 0.0
13.467573696145125 2484.201171875 0.23117637634277344
13.49079365079365 6583.6943359375 0.28432077169418335
13.514013605442177 477.4073486328125 -0.3256080150604248
13.537233560090703 455.2530517578125 -0.9394018650054932
13.56045351473923 454.6302795410156 -0.929669976234436
13.583673469387755 225.68727111816406 -0.7461605072021484
13.606893424036281 225.53530883789062 -0.6090002059936523
13.630113378684808 225.9016571044922 -0.765929102897644
13.653333333333334 225.03225708007812 -0.9374704360961914
13.676553287981859 451.322509765625 -1.0863816738128662
13.699773242630386 450.72650146484375 -1.1863396167755127
13.722993197278912 448.8670959472656 -1.1945900917053223
13.746213151927437 447.1015625 -1.1888675689697266
13.769433106575963 447.480712890625 -1.177088737487793
13.79265306122449 449.6852722167969 -1.142073154449463
13.815873015873017 453.3785400390625 -1.1652464866638184
13.839092970521541 453.4653625488281 -1.1437582969665527
13.862312925170068 445.6573791503906 -1.0698738098144531
13.885532879818594 432.4322814941406 -1.0352070331573486
13.908752834467121 422.392822265625 -1.075955867767334
13.931972789115646 412.0726623535156 -1.1292579174041748
13.955192743764172 408.5048828125 -1.068089485168457
13.978412698412699 409.57696533203125 -1.065718173980713
14.001632653061224 411.3666076660156 -1.0716218948364258
14.02485260770975 409.4591979980469 -1.0679829120635986
14.048072562358277 406.3009033203125 -1.1164076328277588
14.071292517006803 405.79779052734375 -1.1327433586120605
14.094512471655328 404.0770263671875 -1.1171917915344238
14.117732426303855 402.93035888671875 -1.1005935668945312
14.140952380952381 402.4223937988281 -1.1364006996154785
14.164172335600908 398.0599670410156 -1.1937568187713623
14.187392290249432 395.5441589355469 -1.2231228351593018
14.210612244897959 394.93914794921875 -1.2607026100158691
14.233832199546486 393.20330810546875 -1.2819387912750244
14.257052154195012 394.33050537109375 -1.2664241790771484
14.280272108843537 396.9337158203125 -1.2895066738128662
14.303492063492063 396.8665771484375 -1.2824397087097168
14.32671201814059 396.5790710449219 -1.309178113937378
14.349931972789115 396.52105712890625 -1.3115324974060059
14.373151927437641 395.54296875 -1.2938029766082764
14.396371882086168 392.93572998046875 -1.2539043426513672
14.419591836734694 390.85321044921875 -1.2538740634918213
14.44281179138322 389.5640869140625 -1.2313389778137207
14.466031746031746 387.8325500488281 -1.2224125862121582
14.489251700680272 386.7861022949219 -1.221064805984497
14.512471655328799 386.74755859375 -1.2367124557495117
14.535691609977324 389.3382568359375 -1.198197603225708
14.55891156462585 391.5527648925781 -1.2121047973632812
14.582131519274377 400.5940246582031 -1.3365294933319092
14.605351473922903 405.80950927734375 -1.3662083148956299
14.628571428571428 406.06463623046875 -1.3145575523376465
14.651791383219955 0.0 -0.9894741773605347
14.675011337868481 0.0 -0.8476017713546753
14.698231292517006 0.0 0.300814688205719
14.721451247165533 0.0 -0.04258394241333008
14.744671201814059 0.0 0.3683721423149109
14.767891156462586 0.0 -0.2322680950164795
14.79111111111111 0.0 0.0
14.814331065759637 60.01872634887695 0.0
14.837551020408164 0.0 0.0
14.86077097505669 0.0 0.0
14.883990929705215 0.0 0.0
14.907210884353741 0.0 0.0
14.930430839002268 0.0 0.6747757196426392